NVERTICI:75
VERTICI (id,domanda)
0,0
1,99
2,9
3,10
4,6
5,25
6,24
7,26
8,90
9,54
10,87
11,39
12,51
13,85
14,3
15,4
16,80
17,65
18,68
19,70
20,72
21,27
22,82
23,47
24,29
25,98
26,43
27,82
28,43
29,73
30,70
31,25
32,7
33,83
34,34
35,92
36,33
37,14
38,66
39,92
40,3
41,38
42,75
43,42
44,97
45,90
46,10
47,1
48,24
49,33
50,9
51,95
52,26
53,36
54,10
55,81
56,39
57,6
58,10
59,8
60,62
61,13
62,80
63,60
64,84
65,32
66,43
67,56
68,29
69,35
70,68
71,64
72,90
73,64
74,16
ARCHI (id origine, id destinazione, peso)
0,0,65535
0,1,17
0,2,10
0,3,93
0,4,100
0,5,2
0,6,34
0,7,1
0,8,24
0,9,8
0,10,87
0,11,49
0,12,7
0,13,42
0,14,42
0,15,100
0,16,5
0,17,25
0,18,55
0,19,53
0,20,38
0,21,1
0,22,2
0,23,43
0,24,37
0,25,80
0,26,9
0,27,19
0,28,24
0,29,51
0,30,22
0,31,22
0,32,6
0,33,57
0,34,71
0,35,98
0,36,64
0,37,72
0,38,90
0,39,55
0,40,81
0,41,69
0,42,98
0,43,53
0,44,81
0,45,12
0,46,98
0,47,85
0,48,36
0,49,4
0,50,93
0,51,27
0,52,83
0,53,72
0,54,69
0,55,11
0,56,89
0,57,49
0,58,20
0,59,16
0,60,19
0,61,11
0,62,94
0,63,34
0,64,14
0,65,3
0,66,95
0,67,35
0,68,20
0,69,51
0,70,70
0,71,49
0,72,87
0,73,85
0,74,9
1,0,63
1,1,65535
1,2,66
1,3,13
1,4,47
1,5,64
1,6,52
1,7,19
1,8,3
1,9,47
1,10,54
1,11,86
1,12,11
1,13,72
1,14,63
1,15,54
1,16,85
1,17,26
1,18,66
1,19,34
1,20,61
1,21,74
1,22,14
1,23,41
1,24,96
1,25,75
1,26,45
1,27,100
1,28,71
1,29,94
1,30,67
1,31,27
1,32,2
1,33,27
1,34,15
1,35,4
1,36,35
1,37,61
1,38,54
1,39,45
1,40,58
1,41,53
1,42,40
1,43,21
1,44,8
1,45,72
1,46,13
1,47,43
1,48,13
1,49,64
1,50,80
1,51,43
1,52,46
1,53,51
1,54,58
1,55,32
1,56,76
1,57,65
1,58,93
1,59,17
1,60,23
1,61,71
1,62,19
1,63,12
1,64,62
1,65,100
1,66,52
1,67,53
1,68,94
1,69,6
1,70,55
1,71,79
1,72,88
1,73,33
1,74,33
2,0,52
2,1,14
2,2,65535
2,3,83
2,4,95
2,5,98
2,6,35
2,7,36
2,8,18
2,9,15
2,10,17
2,11,93
2,12,6
2,13,44
2,14,76
2,15,34
2,16,5
2,17,30
2,18,15
2,19,4
2,20,44
2,21,68
2,22,8
2,23,83
2,24,79
2,25,87
2,26,56
2,27,5
2,28,47
2,29,16
2,30,73
2,31,59
2,32,81
2,33,64
2,34,82
2,35,92
2,36,41
2,37,32
2,38,31
2,39,100
2,40,28
2,41,29
2,42,4
2,43,91
2,44,66
2,45,30
2,46,26
2,47,42
2,48,82
2,49,22
2,50,60
2,51,62
2,52,59
2,53,30
2,54,18
2,55,95
2,56,72
2,57,14
2,58,43
2,59,23
2,60,88
2,61,39
2,62,66
2,63,96
2,64,85
2,65,37
2,66,81
2,67,13
2,68,77
2,69,2
2,70,61
2,71,30
2,72,89
2,73,46
2,74,67
3,0,57
3,1,97
3,2,76
3,3,65535
3,4,12
3,5,37
3,6,11
3,7,59
3,8,66
3,9,15
3,10,4
3,11,31
3,12,94
3,13,92
3,14,99
3,15,41
3,16,87
3,17,1
3,18,55
3,19,22
3,20,98
3,21,80
3,22,56
3,23,2
3,24,30
3,25,86
3,26,76
3,27,13
3,28,11
3,29,89
3,30,34
3,31,56
3,32,38
3,33,45
3,34,90
3,35,78
3,36,12
3,37,15
3,38,86
3,39,62
3,40,53
3,41,84
3,42,65
3,43,41
3,44,50
3,45,68
3,46,13
3,47,92
3,48,66
3,49,7
3,50,50
3,51,82
3,52,15
3,53,62
3,54,47
3,55,73
3,56,30
3,57,31
3,58,11
3,59,84
3,60,49
3,61,28
3,62,9
3,63,18
3,64,52
3,65,32
3,66,7
3,67,84
3,68,48
3,69,7
3,70,60
3,71,99
3,72,12
3,73,9
3,74,91
4,0,26
4,1,98
4,2,97
4,3,99
4,4,65535
4,5,78
4,6,96
4,7,31
4,8,35
4,9,34
4,10,76
4,11,92
4,12,56
4,13,92
4,14,5
4,15,78
4,16,13
4,17,21
4,18,87
4,19,84
4,20,67
4,21,49
4,22,69
4,23,40
4,24,28
4,25,61
4,26,72
4,27,87
4,28,26
4,29,46
4,30,77
4,31,73
4,32,55
4,33,31
4,34,60
4,35,51
4,36,23
4,37,68
4,38,60
4,39,10
4,40,5
4,41,25
4,42,30
4,43,5
4,44,22
4,45,29
4,46,76
4,47,48
4,48,14
4,49,97
4,50,2
4,51,67
4,52,4
4,53,28
4,54,57
4,55,65
4,56,81
4,57,87
4,58,90
4,59,14
4,60,1
4,61,46
4,62,97
4,63,51
4,64,16
4,65,39
4,66,20
4,67,95
4,68,36
4,69,90
4,70,73
4,71,70
4,72,32
4,73,58
4,74,66
5,0,89
5,1,69
5,2,70
5,3,46
5,4,62
5,5,65535
5,6,95
5,7,27
5,8,91
5,9,43
5,10,99
5,11,40
5,12,92
5,13,18
5,14,39
5,15,86
5,16,59
5,17,81
5,18,31
5,19,31
5,20,83
5,21,48
5,22,41
5,23,57
5,24,15
5,25,18
5,26,76
5,27,70
5,28,84
5,29,85
5,30,30
5,31,52
5,32,6
5,33,27
5,34,98
5,35,97
5,36,50
5,37,20
5,38,92
5,39,36
5,40,47
5,41,41
5,42,90
5,43,6
5,44,77
5,45,100
5,46,73
5,47,35
5,48,13
5,49,64
5,50,67
5,51,21
5,52,29
5,53,44
5,54,51
5,55,74
5,56,34
5,57,18
5,58,24
5,59,45
5,60,67
5,61,1
5,62,77
5,63,26
5,64,84
5,65,34
5,66,42
5,67,70
5,68,18
5,69,27
5,70,76
5,71,46
5,72,64
5,73,24
5,74,23
6,0,95
6,1,4
6,2,34
6,3,99
6,4,65
6,5,71
6,6,65535
6,7,40
6,8,70
6,9,89
6,10,80
6,11,74
6,12,17
6,13,17
6,14,89
6,15,53
6,16,34
6,17,79
6,18,15
6,19,18
6,20,42
6,21,81
6,22,100
6,23,22
6,24,87
6,25,78
6,26,50
6,27,50
6,28,22
6,29,26
6,30,74
6,31,76
6,32,29
6,33,49
6,34,87
6,35,97
6,36,84
6,37,7
6,38,53
6,39,36
6,40,67
6,41,4
6,42,80
6,43,49
6,44,63
6,45,13
6,46,33
6,47,9
6,48,19
6,49,95
6,50,67
6,51,9
6,52,92
6,53,97
6,54,74
6,55,36
6,56,68
6,57,97
6,58,39
6,59,58
6,60,19
6,61,63
6,62,19
6,63,95
6,64,6
6,65,78
6,66,36
6,67,20
6,68,99
6,69,47
6,70,98
6,71,90
6,72,87
6,73,1
6,74,49
7,0,63
7,1,16
7,2,94
7,3,32
7,4,30
7,5,71
7,6,44
7,7,65535
7,8,15
7,9,7
7,10,18
7,11,17
7,12,21
7,13,83
7,14,19
7,15,36
7,16,16
7,17,34
7,18,53
7,19,27
7,20,42
7,21,98
7,22,44
7,23,12
7,24,65
7,25,57
7,26,49
7,27,37
7,28,28
7,29,47
7,30,89
7,31,48
7,32,51
7,33,84
7,34,65
7,35,67
7,36,41
7,37,95
7,38,72
7,39,85
7,40,53
7,41,89
7,42,42
7,43,26
7,44,81
7,45,63
7,46,37
7,47,72
7,48,57
7,49,60
7,50,80
7,51,74
7,52,12
7,53,74
7,54,31
7,55,30
7,56,71
7,57,26
7,58,2
7,59,42
7,60,19
7,61,15
7,62,7
7,63,70
7,64,55
7,65,1
7,66,85
7,67,64
7,68,19
7,69,36
7,70,71
7,71,43
7,72,44
7,73,23
7,74,99
8,0,70
8,1,14
8,2,18
8,3,90
8,4,32
8,5,7
8,6,26
8,7,99
8,8,65535
8,9,83
8,10,57
8,11,57
8,12,28
8,13,34
8,14,54
8,15,15
8,16,6
8,17,73
8,18,17
8,19,8
8,20,30
8,21,96
8,22,20
8,23,31
8,24,3
8,25,85
8,26,10
8,27,41
8,28,99
8,29,48
8,30,60
8,31,36
8,32,17
8,33,65
8,34,23
8,35,23
8,36,100
8,37,86
8,38,44
8,39,85
8,40,70
8,41,12
8,42,26
8,43,47
8,44,51
8,45,4
8,46,93
8,47,56
8,48,27
8,49,23
8,50,71
8,51,38
8,52,73
8,53,12
8,54,42
8,55,68
8,56,82
8,57,60
8,58,37
8,59,46
8,60,7
8,61,9
8,62,54
8,63,44
8,64,68
8,65,56
8,66,97
8,67,85
8,68,88
8,69,60
8,70,90
8,71,69
8,72,24
8,73,95
8,74,74
9,0,100
9,1,67
9,2,100
9,3,73
9,4,48
9,5,49
9,6,35
9,7,20
9,8,31
9,9,65535
9,10,41
9,11,76
9,12,50
9,13,93
9,14,25
9,15,69
9,16,21
9,17,25
9,18,46
9,19,91
9,20,57
9,21,11
9,22,16
9,23,90
9,24,90
9,25,29
9,26,55
9,27,33
9,28,17
9,29,59
9,30,87
9,31,67
9,32,2
9,33,70
9,34,46
9,35,59
9,36,21
9,37,29
9,38,19
9,39,67
9,40,33
9,41,48
9,42,56
9,43,26
9,44,62
9,45,33
9,46,59
9,47,56
9,48,96
9,49,91
9,50,67
9,51,84
9,52,19
9,53,33
9,54,54
9,55,29
9,56,99
9,57,26
9,58,3
9,59,25
9,60,54
9,61,56
9,62,21
9,63,30
9,64,42
9,65,52
9,66,49
9,67,15
9,68,50
9,69,4
9,70,6
9,71,68
9,72,35
9,73,5
9,74,87
10,0,21
10,1,59
10,2,18
10,3,77
10,4,83
10,5,80
10,6,69
10,7,33
10,8,71
10,9,52
10,10,65535
10,11,73
10,12,71
10,13,73
10,14,65
10,15,3
10,16,88
10,17,72
10,18,17
10,19,83
10,20,93
10,21,47
10,22,77
10,23,23
10,24,74
10,25,20
10,26,47
10,27,58
10,28,69
10,29,9
10,30,24
10,31,62
10,32,98
10,33,14
10,34,22
10,35,28
10,36,6
10,37,78
10,38,18
10,39,55
10,40,87
10,41,85
10,42,98
10,43,61
10,44,29
10,45,99
10,46,18
10,47,56
10,48,19
10,49,37
10,50,87
10,51,65
10,52,52
10,53,5
10,54,100
10,55,74
10,56,1
10,57,3
10,58,27
10,59,59
10,60,40
10,61,18
10,62,76
10,63,50
10,64,91
10,65,19
10,66,48
10,67,88
10,68,19
10,69,29
10,70,95
10,71,62
10,72,57
10,73,56
10,74,74
11,0,96
11,1,27
11,2,59
11,3,80
11,4,38
11,5,16
11,6,54
11,7,60
11,8,60
11,9,1
11,10,39
11,11,65535
11,12,89
11,13,58
11,14,92
11,15,31
11,16,14
11,17,10
11,18,3
11,19,55
11,20,48
11,21,97
11,22,78
11,23,77
11,24,38
11,25,54
11,26,55
11,27,84
11,28,5
11,29,89
11,30,10
11,31,15
11,32,86
11,33,96
11,34,51
11,35,31
11,36,94
11,37,14
11,38,24
11,39,40
11,40,75
11,41,67
11,42,28
11,43,35
11,44,57
11,45,32
11,46,96
11,47,80
11,48,7
11,49,95
11,50,80
11,51,4
11,52,11
11,53,31
11,54,39
11,55,9
11,56,46
11,57,60
11,58,11
11,59,24
11,60,43
11,61,7
11,62,21
11,63,47
11,64,61
11,65,92
11,66,80
11,67,6
11,68,72
11,69,58
11,70,74
11,71,6
11,72,72
11,73,91
11,74,79
12,0,3
12,1,82
12,2,35
12,3,75
12,4,63
12,5,89
12,6,33
12,7,1
12,8,64
12,9,17
12,10,88
12,11,52
12,12,65535
12,13,42
12,14,16
12,15,91
12,16,4
12,17,21
12,18,16
12,19,63
12,20,84
12,21,13
12,22,70
12,23,25
12,24,60
12,25,1
12,26,60
12,27,97
12,28,26
12,29,44
12,30,61
12,31,3
12,32,84
12,33,36
12,34,39
12,35,51
12,36,14
12,37,25
12,38,78
12,39,3
12,40,61
12,41,13
12,42,61
12,43,6
12,44,61
12,45,30
12,46,95
12,47,27
12,48,51
12,49,53
12,50,62
12,51,34
12,52,48
12,53,87
12,54,15
12,55,17
12,56,99
12,57,64
12,58,52
12,59,17
12,60,69
12,61,53
12,62,70
12,63,66
12,64,14
12,65,35
12,66,9
12,67,85
12,68,55
12,69,78
12,70,54
12,71,94
12,72,74
12,73,34
12,74,19
13,0,66
13,1,76
13,2,37
13,3,1
13,4,48
13,5,68
13,6,72
13,7,80
13,8,64
13,9,78
13,10,16
13,11,86
13,12,5
13,13,65535
13,14,54
13,15,79
13,16,13
13,17,76
13,18,17
13,19,67
13,20,36
13,21,28
13,22,84
13,23,12
13,24,19
13,25,80
13,26,75
13,27,7
13,28,52
13,29,48
13,30,68
13,31,89
13,32,23
13,33,53
13,34,31
13,35,60
13,36,48
13,37,61
13,38,5
13,39,53
13,40,70
13,41,65
13,42,40
13,43,95
13,44,54
13,45,79
13,46,47
13,47,33
13,48,13
13,49,2
13,50,61
13,51,2
13,52,47
13,53,87
13,54,31
13,55,29
13,56,32
13,57,89
13,58,14
13,59,97
13,60,9
13,61,7
13,62,28
13,63,73
13,64,30
13,65,70
13,66,27
13,67,91
13,68,94
13,69,56
13,70,26
13,71,71
13,72,25
13,73,85
13,74,93
14,0,73
14,1,15
14,2,76
14,3,30
14,4,15
14,5,61
14,6,34
14,7,65
14,8,91
14,9,85
14,10,27
14,11,77
14,12,99
14,13,11
14,14,65535
14,15,17
14,16,61
14,17,75
14,18,40
14,19,17
14,20,7
14,21,1
14,22,87
14,23,42
14,24,3
14,25,98
14,26,40
14,27,4
14,28,8
14,29,19
14,30,53
14,31,44
14,32,52
14,33,47
14,34,28
14,35,29
14,36,25
14,37,100
14,38,88
14,39,81
14,40,75
14,41,17
14,42,76
14,43,40
14,44,72
14,45,93
14,46,59
14,47,84
14,48,35
14,49,35
14,50,59
14,51,63
14,52,51
14,53,40
14,54,68
14,55,64
14,56,7
14,57,22
14,58,21
14,59,44
14,60,3
14,61,14
14,62,10
14,63,45
14,64,87
14,65,42
14,66,52
14,67,26
14,68,74
14,69,20
14,70,6
14,71,2
14,72,18
14,73,10
14,74,52
15,0,91
15,1,37
15,2,76
15,3,51
15,4,64
15,5,30
15,6,83
15,7,13
15,8,35
15,9,83
15,10,53
15,11,46
15,12,66
15,13,1
15,14,26
15,15,65535
15,16,2
15,17,15
15,18,62
15,19,13
15,20,5
15,21,35
15,22,84
15,23,39
15,24,91
15,25,81
15,26,87
15,27,44
15,28,23
15,29,75
15,30,17
15,31,44
15,32,39
15,33,4
15,34,90
15,35,85
15,36,52
15,37,51
15,38,9
15,39,47
15,40,56
15,41,87
15,42,90
15,43,9
15,44,14
15,45,32
15,46,44
15,47,44
15,48,14
15,49,97
15,50,96
15,51,66
15,52,8
15,53,84
15,54,13
15,55,77
15,56,85
15,57,19
15,58,24
15,59,79
15,60,28
15,61,62
15,62,21
15,63,12
15,64,7
15,65,10
15,66,44
15,67,86
15,68,76
15,69,40
15,70,98
15,71,74
15,72,12
15,73,61
15,74,39
16,0,39
16,1,95
16,2,3
16,3,7
16,4,82
16,5,37
16,6,31
16,7,35
16,8,11
16,9,50
16,10,2
16,11,4
16,12,40
16,13,45
16,14,65
16,15,66
16,16,65535
16,17,86
16,18,32
16,19,41
16,20,5
16,21,16
16,22,24
16,23,69
16,24,76
16,25,7
16,26,9
16,27,58
16,28,15
16,29,68
16,30,68
16,31,17
16,32,98
16,33,17
16,34,77
16,35,4
16,36,60
16,37,77
16,38,78
16,39,87
16,40,86
16,41,44
16,42,65
16,43,5
16,44,29
16,45,82
16,46,96
16,47,29
16,48,5
16,49,73
16,50,16
16,51,87
16,52,9
16,53,16
16,54,35
16,55,19
16,56,10
16,57,82
16,58,54
16,59,61
16,60,52
16,61,29
16,62,74
16,63,21
16,64,25
16,65,65
16,66,38
16,67,2
16,68,52
16,69,77
16,70,29
16,71,85
16,72,72
16,73,35
16,74,21
17,0,68
17,1,38
17,2,98
17,3,34
17,4,47
17,5,40
17,6,14
17,7,49
17,8,95
17,9,81
17,10,15
17,11,10
17,12,35
17,13,26
17,14,82
17,15,21
17,16,95
17,17,65535
17,18,12
17,19,97
17,20,20
17,21,27
17,22,12
17,23,32
17,24,30
17,25,79
17,26,8
17,27,79
17,28,14
17,29,8
17,30,88
17,31,100
17,32,64
17,33,58
17,34,62
17,35,43
17,36,15
17,37,51
17,38,92
17,39,76
17,40,70
17,41,82
17,42,92
17,43,60
17,44,72
17,45,24
17,46,84
17,47,29
17,48,43
17,49,33
17,50,1
17,51,90
17,52,86
17,53,88
17,54,71
17,55,19
17,56,54
17,57,10
17,58,93
17,59,59
17,60,46
17,61,55
17,62,62
17,63,16
17,64,22
17,65,4
17,66,17
17,67,52
17,68,14
17,69,23
17,70,96
17,71,53
17,72,27
17,73,27
17,74,67
18,0,45
18,1,96
18,2,79
18,3,88
18,4,3
18,5,66
18,6,39
18,7,8
18,8,59
18,9,55
18,10,5
18,11,42
18,12,15
18,13,24
18,14,38
18,15,72
18,16,60
18,17,65
18,18,65535
18,19,40
18,20,36
18,21,38
18,22,45
18,23,50
18,24,82
18,25,5
18,26,22
18,27,75
18,28,85
18,29,98
18,30,31
18,31,50
18,32,1
18,33,69
18,34,99
18,35,67
18,36,63
18,37,53
18,38,44
18,39,67
18,40,99
18,41,62
18,42,96
18,43,95
18,44,90
18,45,84
18,46,87
18,47,21
18,48,66
18,49,98
18,50,97
18,51,5
18,52,54
18,53,16
18,54,100
18,55,13
18,56,42
18,57,66
18,58,61
18,59,40
18,60,60
18,61,92
18,62,25
18,63,2
18,64,58
18,65,75
18,66,16
18,67,60
18,68,96
18,69,11
18,70,93
18,71,50
18,72,50
18,73,7
18,74,93
19,0,53
19,1,52
19,2,32
19,3,62
19,4,80
19,5,99
19,6,64
19,7,38
19,8,18
19,9,80
19,10,82
19,11,37
19,12,2
19,13,68
19,14,31
19,15,22
19,16,9
19,17,20
19,18,76
19,19,65535
19,20,18
19,21,34
19,22,15
19,23,91
19,24,67
19,25,83
19,26,80
19,27,60
19,28,85
19,29,43
19,30,18
19,31,6
19,32,16
19,33,9
19,34,14
19,35,5
19,36,34
19,37,99
19,38,47
19,39,14
19,40,70
19,41,7
19,42,7
19,43,52
19,44,7
19,45,86
19,46,13
19,47,95
19,48,38
19,49,92
19,50,62
19,51,96
19,52,11
19,53,83
19,54,31
19,55,11
19,56,59
19,57,1
19,58,98
19,59,7
19,60,85
19,61,77
19,62,30
19,63,26
19,64,4
19,65,87
19,66,52
19,67,93
19,68,30
19,69,15
19,70,9
19,71,88
19,72,53
19,73,38
19,74,13
20,0,32
20,1,32
20,2,66
20,3,40
20,4,73
20,5,5
20,6,44
20,7,39
20,8,41
20,9,3
20,10,56
20,11,72
20,12,13
20,13,2
20,14,29
20,15,30
20,16,16
20,17,82
20,18,53
20,19,35
20,20,65535
20,21,5
20,22,54
20,23,39
20,24,100
20,25,22
20,26,89
20,27,72
20,28,33
20,29,18
20,30,54
20,31,88
20,32,9
20,33,90
20,34,32
20,35,4
20,36,100
20,37,61
20,38,4
20,39,19
20,40,30
20,41,41
20,42,32
20,43,22
20,44,38
20,45,84
20,46,42
20,47,25
20,48,15
20,49,74
20,50,95
20,51,81
20,52,42
20,53,39
20,54,27
20,55,99
20,56,23
20,57,44
20,58,36
20,59,83
20,60,74
20,61,40
20,62,71
20,63,29
20,64,71
20,65,13
20,66,85
20,67,73
20,68,70
20,69,69
20,70,38
20,71,29
20,72,28
20,73,1
20,74,44
21,0,87
21,1,54
21,2,23
21,3,28
21,4,12
21,5,39
21,6,78
21,7,6
21,8,26
21,9,6
21,10,37
21,11,2
21,12,9
21,13,19
21,14,77
21,15,95
21,16,73
21,17,72
21,18,74
21,19,91
21,20,46
21,21,65535
21,22,65
21,23,36
21,24,39
21,25,31
21,26,71
21,27,22
21,28,3
21,29,73
21,30,4
21,31,9
21,32,74
21,33,44
21,34,72
21,35,85
21,36,4
21,37,78
21,38,31
21,39,13
21,40,81
21,41,35
21,42,7
21,43,3
21,44,19
21,45,65
21,46,63
21,47,2
21,48,62
21,49,42
21,50,73
21,51,95
21,52,72
21,53,76
21,54,73
21,55,22
21,56,37
21,57,73
21,58,64
21,59,89
21,60,74
21,61,16
21,62,7
21,63,17
21,64,23
21,65,34
21,66,24
21,67,70
21,68,33
21,69,6
21,70,15
21,71,50
21,72,8
21,73,94
21,74,38
22,0,66
22,1,15
22,2,87
22,3,86
22,4,90
22,5,95
22,6,88
22,7,36
22,8,30
22,9,10
22,10,61
22,11,52
22,12,39
22,13,85
22,14,40
22,15,25
22,16,36
22,17,71
22,18,67
22,19,66
22,20,13
22,21,73
22,22,65535
22,23,7
22,24,72
22,25,58
22,26,97
22,27,23
22,28,25
22,29,15
22,30,64
22,31,16
22,32,78
22,33,52
22,34,58
22,35,34
22,36,94
22,37,6
22,38,64
22,39,59
22,40,12
22,41,71
22,42,6
22,43,62
22,44,63
22,45,84
22,46,17
22,47,46
22,48,80
22,49,45
22,50,89
22,51,1
22,52,27
22,53,73
22,54,53
22,55,30
22,56,92
22,57,27
22,58,87
22,59,4
22,60,58
22,61,85
22,62,64
22,63,57
22,64,37
22,65,6
22,66,15
22,67,21
22,68,38
22,69,34
22,70,72
22,71,84
22,72,46
22,73,95
22,74,31
23,0,51
23,1,21
23,2,78
23,3,26
23,4,6
23,5,13
23,6,63
23,7,19
23,8,95
23,9,61
23,10,42
23,11,76
23,12,88
23,13,87
23,14,99
23,15,29
23,16,44
23,17,39
23,18,40
23,19,83
23,20,7
23,21,21
23,22,65
23,23,65535
23,24,76
23,25,33
23,26,98
23,27,12
23,28,80
23,29,47
23,30,5
23,31,57
23,32,15
23,33,23
23,34,18
23,35,26
23,36,63
23,37,52
23,38,78
23,39,18
23,40,24
23,41,92
23,42,76
23,43,90
23,44,90
23,45,61
23,46,18
23,47,3
23,48,55
23,49,89
23,50,76
23,51,67
23,52,25
23,53,58
23,54,82
23,55,58
23,56,35
23,57,88
23,58,79
23,59,75
23,60,4
23,61,95
23,62,100
23,63,6
23,64,18
23,65,30
23,66,84
23,67,70
23,68,82
23,69,86
23,70,54
23,71,53
23,72,92
23,73,79
23,74,62
24,0,15
24,1,84
24,2,8
24,3,20
24,4,76
24,5,80
24,6,52
24,7,73
24,8,69
24,9,77
24,10,13
24,11,52
24,12,98
24,13,75
24,14,42
24,15,55
24,16,100
24,17,97
24,18,63
24,19,91
24,20,50
24,21,17
24,22,59
24,23,25
24,24,65535
24,25,77
24,26,63
24,27,50
24,28,74
24,29,95
24,30,97
24,31,74
24,32,54
24,33,12
24,34,90
24,35,8
24,36,57
24,37,45
24,38,18
24,39,57
24,40,53
24,41,13
24,42,57
24,43,46
24,44,14
24,45,38
24,46,32
24,47,26
24,48,52
24,49,68
24,50,1
24,51,73
24,52,73
24,53,1
24,54,91
24,55,94
24,56,71
24,57,73
24,58,71
24,59,5
24,60,25
24,61,59
24,62,92
24,63,74
24,64,74
24,65,25
24,66,40
24,67,90
24,68,78
24,69,83
24,70,72
24,71,30
24,72,51
24,73,56
24,74,69
25,0,58
25,1,36
25,2,53
25,3,98
25,4,9
25,5,71
25,6,23
25,7,55
25,8,86
25,9,48
25,10,3
25,11,91
25,12,81
25,13,65
25,14,33
25,15,86
25,16,2
25,17,17
25,18,89
25,19,49
25,20,72
25,21,5
25,22,11
25,23,76
25,24,9
25,25,65535
25,26,22
25,27,64
25,28,64
25,29,45
25,30,37
25,31,90
25,32,61
25,33,47
25,34,27
25,35,91
25,36,61
25,37,45
25,38,71
25,39,73
25,40,70
25,41,93
25,42,4
25,43,78
25,44,84
25,45,55
25,46,22
25,47,63
25,48,69
25,49,12
25,50,9
25,51,28
25,52,70
25,53,61
25,54,19
25,55,40
25,56,21
25,57,51
25,58,25
25,59,20
25,60,13
25,61,94
25,62,23
25,63,45
25,64,52
25,65,98
25,66,53
25,67,20
25,68,87
25,69,93
25,70,41
25,71,27
25,72,71
25,73,31
25,74,30
26,0,42
26,1,56
26,2,99
26,3,76
26,4,59
26,5,63
26,6,46
26,7,71
26,8,98
26,9,58
26,10,19
26,11,78
26,12,98
26,13,6
26,14,52
26,15,7
26,16,93
26,17,62
26,18,4
26,19,75
26,20,9
26,21,72
26,22,24
26,23,41
26,24,42
26,25,31
26,26,65535
26,27,24
26,28,14
26,29,72
26,30,64
26,31,75
26,32,31
26,33,2
26,34,46
26,35,41
26,36,8
26,37,48
26,38,55
26,39,5
26,40,6
26,41,69
26,42,74
26,43,78
26,44,41
26,45,100
26,46,82
26,47,45
26,48,86
26,49,28
26,50,78
26,51,32
26,52,44
26,53,29
26,54,47
26,55,48
26,56,77
26,57,91
26,58,88
26,59,52
26,60,69
26,61,84
26,62,6
26,63,32
26,64,96
26,65,37
26,66,65
26,67,93
26,68,36
26,69,74
26,70,39
26,71,40
26,72,19
26,73,69
26,74,16
27,0,36
27,1,11
27,2,40
27,3,99
27,4,13
27,5,91
27,6,76
27,7,55
27,8,17
27,9,15
27,10,63
27,11,87
27,12,2
27,13,78
27,14,100
27,15,99
27,16,33
27,17,83
27,18,52
27,19,62
27,20,8
27,21,25
27,22,53
27,23,81
27,24,79
27,25,4
27,26,73
27,27,65535
27,28,58
27,29,76
27,30,74
27,31,99
27,32,18
27,33,32
27,34,58
27,35,25
27,36,14
27,37,26
27,38,69
27,39,85
27,40,62
27,41,9
27,42,5
27,43,1
27,44,40
27,45,46
27,46,72
27,47,31
27,48,29
27,49,3
27,50,79
27,51,32
27,52,54
27,53,33
27,54,60
27,55,3
27,56,5
27,57,94
27,58,78
27,59,40
27,60,73
27,61,45
27,62,45
27,63,3
27,64,100
27,65,74
27,66,99
27,67,18
27,68,77
27,69,48
27,70,16
27,71,91
27,72,2
27,73,40
27,74,51
28,0,27
28,1,24
28,2,21
28,3,96
28,4,27
28,5,77
28,6,77
28,7,85
28,8,39
28,9,71
28,10,85
28,11,6
28,12,70
28,13,80
28,14,97
28,15,24
28,16,19
28,17,83
28,18,66
28,19,37
28,20,73
28,21,74
28,22,26
28,23,62
28,24,43
28,25,43
28,26,53
28,27,55
28,28,65535
28,29,68
28,30,40
28,31,86
28,32,36
28,33,19
28,34,92
28,35,22
28,36,8
28,37,11
28,38,3
28,39,20
28,40,21
28,41,54
28,42,29
28,43,11
28,44,59
28,45,83
28,46,43
28,47,73
28,48,41
28,49,71
28,50,14
28,51,80
28,52,79
28,53,70
28,54,85
28,55,85
28,56,22
28,57,91
28,58,94
28,59,64
28,60,67
28,61,51
28,62,55
28,63,13
28,64,64
28,65,71
28,66,36
28,67,48
28,68,44
28,69,17
28,70,64
28,71,9
28,72,93
28,73,49
28,74,62
29,0,12
29,1,7
29,2,22
29,3,77
29,4,48
29,5,89
29,6,64
29,7,50
29,8,70
29,9,37
29,10,34
29,11,67
29,12,66
29,13,47
29,14,10
29,15,22
29,16,29
29,17,17
29,18,27
29,19,29
29,20,4
29,21,96
29,22,95
29,23,10
29,24,51
29,25,79
29,26,88
29,27,9
29,28,35
29,29,65535
29,30,82
29,31,68
29,32,54
29,33,32
29,34,62
29,35,46
29,36,89
29,37,49
29,38,37
29,39,38
29,40,43
29,41,13
29,42,33
29,43,1
29,44,63
29,45,78
29,46,59
29,47,74
29,48,33
29,49,86
29,50,95
29,51,33
29,52,80
29,53,24
29,54,25
29,55,29
29,56,9
29,57,62
29,58,16
29,59,33
29,60,69
29,61,4
29,62,22
29,63,72
29,64,26
29,65,87
29,66,60
29,67,11
29,68,78
29,69,38
29,70,25
29,71,30
29,72,74
29,73,93
29,74,7
30,0,4
30,1,34
30,2,30
30,3,82
30,4,15
30,5,49
30,6,59
30,7,9
30,8,68
30,9,14
30,10,28
30,11,25
30,12,66
30,13,39
30,14,14
30,15,19
30,16,64
30,17,98
30,18,35
30,19,75
30,20,69
30,21,58
30,22,84
30,23,93
30,24,55
30,25,11
30,26,22
30,27,88
30,28,17
30,29,86
30,30,65535
30,31,65
30,32,37
30,33,40
30,34,56
30,35,96
30,36,57
30,37,71
30,38,14
30,39,21
30,40,42
30,41,97
30,42,26
30,43,78
30,44,59
30,45,91
30,46,65
30,47,27
30,48,38
30,49,14
30,50,87
30,51,100
30,52,92
30,53,97
30,54,15
30,55,26
30,56,65
30,57,93
30,58,80
30,59,70
30,60,18
30,61,16
30,62,77
30,63,94
30,64,76
30,65,38
30,66,6
30,67,3
30,68,66
30,69,73
30,70,85
30,71,22
30,72,16
30,73,30
30,74,5
31,0,40
31,1,19
31,2,73
31,3,5
31,4,42
31,5,26
31,6,24
31,7,10
31,8,82
31,9,97
31,10,22
31,11,32
31,12,29
31,13,84
31,14,15
31,15,50
31,16,33
31,17,16
31,18,89
31,19,26
31,20,88
31,21,87
31,22,84
31,23,57
31,24,7
31,25,20
31,26,64
31,27,91
31,28,57
31,29,95
31,30,86
31,31,65535
31,32,22
31,33,69
31,34,42
31,35,51
31,36,62
31,37,7
31,38,66
31,39,35
31,40,38
31,41,30
31,42,1
31,43,17
31,44,89
31,45,100
31,46,74
31,47,46
31,48,12
31,49,4
31,50,26
31,51,12
31,52,87
31,53,26
31,54,15
31,55,15
31,56,63
31,57,94
31,58,21
31,59,25
31,60,66
31,61,99
31,62,59
31,63,32
31,64,22
31,65,24
31,66,23
31,67,5
31,68,32
31,69,16
31,70,17
31,71,21
31,72,40
31,73,68
31,74,63
32,0,90
32,1,86
32,2,67
32,3,62
32,4,47
32,5,48
32,6,31
32,7,12
32,8,9
32,9,47
32,10,62
32,11,56
32,12,88
32,13,62
32,14,32
32,15,37
32,16,72
32,17,95
32,18,79
32,19,23
32,20,67
32,21,66
32,22,5
32,23,24
32,24,62
32,25,50
32,26,39
32,27,13
32,28,61
32,29,13
32,30,8
32,31,94
32,32,65535
32,33,45
32,34,32
32,35,93
32,36,100
32,37,84
32,38,9
32,39,92
32,40,63
32,41,50
32,42,27
32,43,5
32,44,52
32,45,26
32,46,76
32,47,76
32,48,90
32,49,13
32,50,13
32,51,38
32,52,7
32,53,60
32,54,76
32,55,7
32,56,43
32,57,37
32,58,89
32,59,18
32,60,82
32,61,75
32,62,5
32,63,84
32,64,51
32,65,27
32,66,23
32,67,76
32,68,30
32,69,58
32,70,72
32,71,14
32,72,6
32,73,53
32,74,97
33,0,22
33,1,86
33,2,78
33,3,87
33,4,9
33,5,22
33,6,56
33,7,51
33,8,30
33,9,85
33,10,77
33,11,91
33,12,80
33,13,24
33,14,36
33,15,40
33,16,59
33,17,78
33,18,99
33,19,31
33,20,96
33,21,52
33,22,89
33,23,17
33,24,92
33,25,55
33,26,71
33,27,18
33,28,53
33,29,62
33,30,100
33,31,32
33,32,81
33,33,65535
33,34,8
33,35,45
33,36,30
33,37,59
33,38,59
33,39,76
33,40,92
33,41,58
33,42,78
33,43,15
33,44,7
33,45,20
33,46,35
33,47,14
33,48,18
33,49,44
33,50,18
33,51,71
33,52,2
33,53,97
33,54,27
33,55,78
33,56,64
33,57,36
33,58,3
33,59,19
33,60,6
33,61,42
33,62,2
33,63,26
33,64,86
33,65,96
33,66,65
33,67,63
33,68,8
33,69,82
33,70,11
33,71,47
33,72,30
33,73,78
33,74,30
34,0,41
34,1,32
34,2,75
34,3,7
34,4,15
34,5,6
34,6,77
34,7,47
34,8,7
34,9,20
34,10,68
34,11,71
34,12,48
34,13,78
34,14,50
34,15,15
34,16,2
34,17,30
34,18,51
34,19,13
34,20,57
34,21,59
34,22,4
34,23,44
34,24,49
34,25,38
34,26,14
34,27,40
34,28,24
34,29,85
34,30,100
34,31,8
34,32,100
34,33,70
34,34,65535
34,35,34
34,36,87
34,37,6
34,38,88
34,39,85
34,40,16
34,41,55
34,42,40
34,43,89
34,44,33
34,45,16
34,46,57
34,47,82
34,48,29
34,49,89
34,50,61
34,51,62
34,52,80
34,53,91
34,54,83
34,55,15
34,56,50
34,57,99
34,58,78
34,59,21
34,60,80
34,61,17
34,62,16
34,63,24
34,64,47
34,65,22
34,66,93
34,67,96
34,68,38
34,69,71
34,70,85
34,71,46
34,72,54
34,73,79
34,74,14
35,0,72
35,1,5
35,2,23
35,3,63
35,4,15
35,5,55
35,6,5
35,7,93
35,8,100
35,9,84
35,10,30
35,11,47
35,12,47
35,13,29
35,14,97
35,15,35
35,16,79
35,17,41
35,18,3
35,19,82
35,20,5
35,21,46
35,22,97
35,23,36
35,24,38
35,25,54
35,26,83
35,27,31
35,28,83
35,29,20
35,30,96
35,31,25
35,32,89
35,33,52
35,34,67
35,35,65535
35,36,63
35,37,45
35,38,26
35,39,25
35,40,74
35,41,55
35,42,61
35,43,16
35,44,32
35,45,89
35,46,82
35,47,65
35,48,33
35,49,34
35,50,63
35,51,59
35,52,1
35,53,79
35,54,73
35,55,39
35,56,59
35,57,35
35,58,42
35,59,13
35,60,23
35,61,23
35,62,55
35,63,72
35,64,63
35,65,77
35,66,4
35,67,87
35,68,72
35,69,69
35,70,7
35,71,55
35,72,89
35,73,95
35,74,17
36,0,61
36,1,51
36,2,93
36,3,1
36,4,91
36,5,98
36,6,18
36,7,82
36,8,80
36,9,25
36,10,87
36,11,77
36,12,28
36,13,92
36,14,24
36,15,25
36,16,57
36,17,4
36,18,97
36,19,33
36,20,64
36,21,100
36,22,63
36,23,44
36,24,26
36,25,35
36,26,57
36,27,54
36,28,53
36,29,79
36,30,45
36,31,100
36,32,26
36,33,75
36,34,76
36,35,22
36,36,65535
36,37,14
36,38,37
36,39,1
36,40,80
36,41,51
36,42,54
36,43,60
36,44,7
36,45,84
36,46,17
36,47,51
36,48,92
36,49,3
36,50,100
36,51,82
36,52,17
36,53,94
36,54,74
36,55,50
36,56,50
36,57,91
36,58,61
36,59,6
36,60,21
36,61,33
36,62,28
36,63,96
36,64,78
36,65,25
36,66,27
36,67,19
36,68,91
36,69,79
36,70,91
36,71,92
36,72,37
36,73,52
36,74,91
37,0,35
37,1,57
37,2,100
37,3,30
37,4,17
37,5,25
37,6,24
37,7,63
37,8,7
37,9,50
37,10,27
37,11,86
37,12,51
37,13,13
37,14,10
37,15,95
37,16,70
37,17,23
37,18,17
37,19,64
37,20,41
37,21,40
37,22,59
37,23,21
37,24,78
37,25,73
37,26,13
37,27,59
37,28,50
37,29,75
37,30,92
37,31,94
37,32,22
37,33,9
37,34,56
37,35,91
37,36,93
37,37,65535
37,38,56
37,39,49
37,40,92
37,41,28
37,42,66
37,43,1
37,44,76
37,45,54
37,46,100
37,47,39
37,48,11
37,49,98
37,50,47
37,51,52
37,52,79
37,53,93
37,54,52
37,55,19
37,56,63
37,57,86
37,58,63
37,59,48
37,60,2
37,61,100
37,62,28
37,63,74
37,64,65
37,65,50
37,66,72
37,67,91
37,68,92
37,69,36
37,70,15
37,71,26
37,72,87
37,73,67
37,74,32
38,0,86
38,1,11
38,2,51
38,3,70
38,4,42
38,5,32
38,6,49
38,7,36
38,8,81
38,9,94
38,10,58
38,11,81
38,12,79
38,13,67
38,14,1
38,15,86
38,16,24
38,17,97
38,18,4
38,19,46
38,20,27
38,21,62
38,22,25
38,23,19
38,24,85
38,25,82
38,26,2
38,27,51
38,28,2
38,29,81
38,30,94
38,31,77
38,32,97
38,33,5
38,34,48
38,35,83
38,36,28
38,37,26
38,38,65535
38,39,27
38,40,84
38,41,90
38,42,88
38,43,51
38,44,5
38,45,43
38,46,68
38,47,9
38,48,53
38,49,29
38,50,72
38,51,91
38,52,81
38,53,18
38,54,58
38,55,99
38,56,29
38,57,89
38,58,21
38,59,97
38,60,26
38,61,71
38,62,97
38,63,72
38,64,71
38,65,8
38,66,37
38,67,1
38,68,69
38,69,97
38,70,79
38,71,41
38,72,65
38,73,54
38,74,2
39,0,7
39,1,96
39,2,3
39,3,94
39,4,71
39,5,73
39,6,10
39,7,67
39,8,1
39,9,21
39,10,91
39,11,55
39,12,79
39,13,100
39,14,38
39,15,24
39,16,71
39,17,3
39,18,97
39,19,71
39,20,52
39,21,96
39,22,85
39,23,33
39,24,4
39,25,36
39,26,11
39,27,57
39,28,73
39,29,54
39,30,60
39,31,7
39,32,30
39,33,22
39,34,82
39,35,18
39,36,80
39,37,90
39,38,32
39,39,65535
39,40,59
39,41,94
39,42,90
39,43,88
39,44,91
39,45,80
39,46,52
39,47,60
39,48,54
39,49,4
39,50,40
39,51,98
39,52,60
39,53,88
39,54,9
39,55,17
39,56,38
39,57,2
39,58,34
39,59,59
39,60,34
39,61,100
39,62,97
39,63,26
39,64,38
39,65,63
39,66,24
39,67,20
39,68,12
39,69,10
39,70,63
39,71,97
39,72,37
39,73,70
39,74,21
40,0,62
40,1,83
40,2,90
40,3,66
40,4,40
40,5,77
40,6,99
40,7,82
40,8,80
40,9,26
40,10,41
40,11,58
40,12,91
40,13,34
40,14,53
40,15,12
40,16,19
40,17,6
40,18,81
40,19,21
40,20,94
40,21,96
40,22,95
40,23,82
40,24,67
40,25,24
40,26,58
40,27,7
40,28,92
40,29,7
40,30,84
40,31,32
40,32,55
40,33,31
40,34,74
40,35,54
40,36,11
40,37,52
40,38,6
40,39,35
40,40,65535
40,41,65
40,42,1
40,43,84
40,44,59
40,45,18
40,46,25
40,47,33
40,48,23
40,49,18
40,50,12
40,51,61
40,52,73
40,53,61
40,54,31
40,55,84
40,56,12
40,57,100
40,58,28
40,59,95
40,60,62
40,61,1
40,62,89
40,63,62
40,64,23
40,65,96
40,66,49
40,67,100
40,68,70
40,69,48
40,70,39
40,71,46
40,72,94
40,73,100
40,74,9
41,0,99
41,1,48
41,2,22
41,3,100
41,4,39
41,5,63
41,6,5
41,7,2
41,8,69
41,9,37
41,10,58
41,11,9
41,12,32
41,13,70
41,14,1
41,15,59
41,16,77
41,17,27
41,18,3
41,19,7
41,20,98
41,21,81
41,22,84
41,23,76
41,24,88
41,25,31
41,26,35
41,27,93
41,28,22
41,29,76
41,30,12
41,31,74
41,32,100
41,33,93
41,34,59
41,35,22
41,36,31
41,37,82
41,38,6
41,39,2
41,40,90
41,41,65535
41,42,9
41,43,93
41,44,5
41,45,74
41,46,94
41,47,18
41,48,93
41,49,29
41,50,88
41,51,99
41,52,27
41,53,24
41,54,22
41,55,44
41,56,20
41,57,91
41,58,54
41,59,22
41,60,80
41,61,71
41,62,11
41,63,48
41,64,55
41,65,39
41,66,1
41,67,65
41,68,43
41,69,59
41,70,99
41,71,70
41,72,41
41,73,66
41,74,15
42,0,10
42,1,66
42,2,75
42,3,82
42,4,17
42,5,83
42,6,86
42,7,50
42,8,81
42,9,26
42,10,55
42,11,49
42,12,9
42,13,77
42,14,24
42,15,96
42,16,85
42,17,75
42,18,5
42,19,98
42,20,42
42,21,49
42,22,56
42,23,97
42,24,95
42,25,14
42,26,42
42,27,21
42,28,64
42,29,36
42,30,30
42,31,79
42,32,66
42,33,30
42,34,8
42,35,92
42,36,48
42,37,58
42,38,92
42,39,21
42,40,52
42,41,6
42,42,65535
42,43,41
42,44,39
42,45,49
42,46,62
42,47,95
42,48,75
42,49,83
42,50,52
42,51,54
42,52,78
42,53,66
42,54,79
42,55,81
42,56,46
42,57,96
42,58,61
42,59,39
42,60,30
42,61,1
42,62,1
42,63,65
42,64,45
42,65,76
42,66,49
42,67,17
42,68,60
42,69,59
42,70,65
42,71,62
42,72,70
42,73,29
42,74,95
43,0,67
43,1,16
43,2,13
43,3,91
43,4,75
43,5,31
43,6,56
43,7,95
43,8,92
43,9,59
43,10,99
43,11,75
43,12,39
43,13,77
43,14,93
43,15,90
43,16,64
43,17,37
43,18,17
43,19,64
43,20,63
43,21,64
43,22,44
43,23,36
43,24,65
43,25,16
43,26,65
43,27,20
43,28,13
43,29,14
43,30,8
43,31,72
43,32,45
43,33,16
43,34,4
43,35,93
43,36,1
43,37,55
43,38,15
43,39,64
43,40,82
43,41,10
43,42,71
43,43,65535
43,44,82
43,45,70
43,46,54
43,47,39
43,48,24
43,49,84
43,50,85
43,51,66
43,52,69
43,53,85
43,54,46
43,55,96
43,56,22
43,57,49
43,58,44
43,59,18
43,60,8
43,61,19
43,62,55
43,63,18
43,64,79
43,65,93
43,66,37
43,67,54
43,68,56
43,69,20
43,70,19
43,71,78
43,72,42
43,73,47
43,74,100
44,0,42
44,1,93
44,2,70
44,3,67
44,4,97
44,5,26
44,6,42
44,7,51
44,8,25
44,9,63
44,10,66
44,11,97
44,12,66
44,13,45
44,14,70
44,15,90
44,16,60
44,17,48
44,18,14
44,19,50
44,20,25
44,21,38
44,22,95
44,23,98
44,24,13
44,25,49
44,26,24
44,27,61
44,28,85
44,29,80
44,30,99
44,31,15
44,32,86
44,33,57
44,34,85
44,35,46
44,36,14
44,37,23
44,38,17
44,39,13
44,40,57
44,41,2
44,42,11
44,43,40
44,44,65535
44,45,50
44,46,19
44,47,100
44,48,12
44,49,31
44,50,3
44,51,53
44,52,48
44,53,63
44,54,71
44,55,25
44,56,88
44,57,87
44,58,34
44,59,79
44,60,76
44,61,94
44,62,92
44,63,88
44,64,55
44,65,49
44,66,98
44,67,5
44,68,59
44,69,15
44,70,34
44,71,30
44,72,3
44,73,73
44,74,80
45,0,16
45,1,84
45,2,63
45,3,54
45,4,90
45,5,81
45,6,21
45,7,81
45,8,54
45,9,70
45,10,84
45,11,39
45,12,79
45,13,4
45,14,40
45,15,41
45,16,20
45,17,18
45,18,64
45,19,67
45,20,24
45,21,97
45,22,88
45,23,17
45,24,50
45,25,74
45,26,72
45,27,75
45,28,2
45,29,42
45,30,72
45,31,32
45,32,39
45,33,8
45,34,73
45,35,58
45,36,12
45,37,15
45,38,35
45,39,29
45,40,60
45,41,94
45,42,46
45,43,3
45,44,3
45,45,65535
45,46,38
45,47,65
45,48,61
45,49,22
45,50,16
45,51,34
45,52,63
45,53,11
45,54,30
45,55,1
45,56,32
45,57,100
45,58,86
45,59,52
45,60,19
45,61,1
45,62,4
45,63,46
45,64,50
45,65,43
45,66,49
45,67,100
45,68,52
45,69,36
45,70,66
45,71,15
45,72,100
45,73,73
45,74,60
46,0,29
46,1,79
46,2,80
46,3,11
46,4,48
46,5,43
46,6,81
46,7,31
46,8,41
46,9,34
46,10,7
46,11,78
46,12,44
46,13,53
46,14,3
46,15,7
46,16,93
46,17,44
46,18,11
46,19,47
46,20,94
46,21,100
46,22,26
46,23,38
46,24,78
46,25,15
46,26,19
46,27,90
46,28,78
46,29,7
46,30,56
46,31,72
46,32,1
46,33,91
46,34,73
46,35,10
46,36,90
46,37,52
46,38,12
46,39,47
46,40,86
46,41,91
46,42,83
46,43,41
46,44,36
46,45,71
46,46,65535
46,47,24
46,48,53
46,49,82
46,50,64
46,51,94
46,52,41
46,53,67
46,54,40
46,55,2
46,56,86
46,57,87
46,58,59
46,59,69
46,60,9
46,61,87
46,62,15
46,63,40
46,64,12
46,65,79
46,66,57
46,67,51
46,68,16
46,69,57
46,70,83
46,71,93
46,72,9
46,73,98
46,74,99
47,0,30
47,1,24
47,2,33
47,3,32
47,4,29
47,5,16
47,6,69
47,7,84
47,8,29
47,9,70
47,10,53
47,11,82
47,12,13
47,13,39
47,14,28
47,15,37
47,16,51
47,17,86
47,18,23
47,19,58
47,20,84
47,21,19
47,22,48
47,23,69
47,24,6
47,25,19
47,26,79
47,27,75
47,28,15
47,29,50
47,30,99
47,31,69
47,32,90
47,33,14
47,34,76
47,35,26
47,36,1
47,37,10
47,38,3
47,39,10
47,40,62
47,41,4
47,42,5
47,43,77
47,44,1
47,45,2
47,46,46
47,47,65535
47,48,31
47,49,96
47,50,64
47,51,16
47,52,27
47,53,88
47,54,74
47,55,51
47,56,97
47,57,26
47,58,28
47,59,24
47,60,79
47,61,24
47,62,60
47,63,63
47,64,91
47,65,91
47,66,2
47,67,15
47,68,44
47,69,55
47,70,49
47,71,59
47,72,36
47,73,20
47,74,44
48,0,64
48,1,68
48,2,82
48,3,34
48,4,48
48,5,22
48,6,6
48,7,85
48,8,69
48,9,66
48,10,57
48,11,79
48,12,42
48,13,30
48,14,52
48,15,3
48,16,94
48,17,61
48,18,34
48,19,54
48,20,92
48,21,37
48,22,46
48,23,14
48,24,26
48,25,42
48,26,11
48,27,23
48,28,36
48,29,14
48,30,86
48,31,18
48,32,33
48,33,14
48,34,93
48,35,25
48,36,85
48,37,25
48,38,41
48,39,59
48,40,71
48,41,95
48,42,3
48,43,12
48,44,72
48,45,11
48,46,7
48,47,15
48,48,65535
48,49,17
48,50,49
48,51,49
48,52,97
48,53,4
48,54,53
48,55,63
48,56,30
48,57,8
48,58,61
48,59,13
48,60,6
48,61,11
48,62,47
48,63,79
48,64,90
48,65,8
48,66,23
48,67,5
48,68,64
48,69,36
48,70,83
48,71,39
48,72,34
48,73,54
48,74,66
49,0,46
49,1,93
49,2,84
49,3,65
49,4,39
49,5,65
49,6,19
49,7,82
49,8,47
49,9,93
49,10,91
49,11,13
49,12,64
49,13,91
49,14,80
49,15,42
49,16,32
49,17,77
49,18,67
49,19,1
49,20,15
49,21,92
49,22,63
49,23,12
49,24,76
49,25,99
49,26,80
49,27,77
49,28,66
49,29,86
49,30,78
49,31,7
49,32,98
49,33,56
49,34,73
49,35,27
49,36,39
49,37,56
49,38,16
49,39,3
49,40,25
49,41,84
49,42,45
49,43,4
49,44,22
49,45,33
49,46,45
49,47,60
49,48,12
49,49,65535
49,50,72
49,51,40
49,52,66
49,53,5
49,54,65
49,55,35
49,56,52
49,57,99
49,58,11
49,59,74
49,60,50
49,61,94
49,62,52
49,63,88
49,64,94
49,65,93
49,66,16
49,67,37
49,68,30
49,69,23
49,70,49
49,71,76
49,72,92
49,73,70
49,74,94
50,0,46
50,1,64
50,2,40
50,3,14
50,4,27
50,5,51
50,6,44
50,7,50
50,8,10
50,9,19
50,10,45
50,11,96
50,12,38
50,13,63
50,14,43
50,15,54
50,16,37
50,17,68
50,18,61
50,19,59
50,20,18
50,21,50
50,22,70
50,23,20
50,24,40
50,25,7
50,26,8
50,27,13
50,28,69
50,29,25
50,30,41
50,31,73
50,32,68
50,33,22
50,34,40
50,35,12
50,36,6
50,37,10
50,38,74
50,39,60
50,40,50
50,41,73
50,42,93
50,43,82
50,44,44
50,45,37
50,46,64
50,47,49
50,48,45
50,49,20
50,50,65535
50,51,19
50,52,97
50,53,85
50,54,75
50,55,21
50,56,100
50,57,89
50,58,49
50,59,22
50,60,6
50,61,70
50,62,45
50,63,3
50,64,49
50,65,72
50,66,4
50,67,68
50,68,35
50,69,57
50,70,51
50,71,96
50,72,81
50,73,63
50,74,89
51,0,31
51,1,37
51,2,41
51,3,73
51,4,53
51,5,94
51,6,2
51,7,6
51,8,78
51,9,30
51,10,41
51,11,94
51,12,94
51,13,62
51,14,23
51,15,35
51,16,92
51,17,2
51,18,61
51,19,29
51,20,84
51,21,39
51,22,89
51,23,14
51,24,77
51,25,66
51,26,75
51,27,34
51,28,76
51,29,22
51,30,39
51,31,79
51,32,3
51,33,45
51,34,66
51,35,5
51,36,8
51,37,8
51,38,4
51,39,48
51,40,48
51,41,80
51,42,9
51,43,24
51,44,57
51,45,55
51,46,36
51,47,58
51,48,55
51,49,8
51,50,59
51,51,65535
51,52,59
51,53,18
51,54,56
51,55,99
51,56,4
51,57,85
51,58,16
51,59,72
51,60,21
51,61,72
51,62,89
51,63,91
51,64,8
51,65,21
51,66,38
51,67,5
51,68,50
51,69,42
51,70,3
51,71,5
51,72,45
51,73,96
51,74,61
52,0,67
52,1,17
52,2,37
52,3,77
52,4,7
52,5,52
52,6,93
52,7,57
52,8,13
52,9,64
52,10,96
52,11,69
52,12,71
52,13,15
52,14,7
52,15,23
52,16,32
52,17,69
52,18,94
52,19,15
52,20,28
52,21,64
52,22,51
52,23,13
52,24,18
52,25,79
52,26,41
52,27,15
52,28,29
52,29,1
52,30,75
52,31,2
52,32,37
52,33,57
52,34,58
52,35,91
52,36,63
52,37,61
52,38,13
52,39,60
52,40,33
52,41,81
52,42,2
52,43,54
52,44,4
52,45,87
52,46,80
52,47,46
52,48,9
52,49,91
52,50,23
52,51,36
52,52,65535
52,53,63
52,54,28
52,55,91
52,56,94
52,57,64
52,58,50
52,59,35
52,60,39
52,61,84
52,62,52
52,63,32
52,64,23
52,65,18
52,66,83
52,67,47
52,68,92
52,69,99
52,70,63
52,71,35
52,72,81
52,73,68
52,74,35
53,0,93
53,1,71
53,2,66
53,3,97
53,4,38
53,5,40
53,6,73
53,7,30
53,8,40
53,9,5
53,10,33
53,11,37
53,12,80
53,13,21
53,14,89
53,15,1
53,16,61
53,17,4
53,18,86
53,19,19
53,20,87
53,21,65
53,22,42
53,23,42
53,24,92
53,25,22
53,26,20
53,27,79
53,28,53
53,29,62
53,30,72
53,31,4
53,32,66
53,33,73
53,34,33
53,35,79
53,36,74
53,37,55
53,38,21
53,39,89
53,40,19
53,41,52
53,42,69
53,43,11
53,44,85
53,45,9
53,46,57
53,47,81
53,48,31
53,49,77
53,50,53
53,51,97
53,52,29
53,53,65535
53,54,10
53,55,6
53,56,84
53,57,24
53,58,55
53,59,80
53,60,45
53,61,15
53,62,10
53,63,21
53,64,89
53,65,90
53,66,36
53,67,77
53,68,10
53,69,50
53,70,96
53,71,100
53,72,96
53,73,73
53,74,44
54,0,46
54,1,2
54,2,68
54,3,45
54,4,44
54,5,31
54,6,83
54,7,32
54,8,7
54,9,89
54,10,22
54,11,95
54,12,90
54,13,71
54,14,38
54,15,24
54,16,20
54,17,20
54,18,37
54,19,10
54,20,88
54,21,60
54,22,5
54,23,63
54,24,34
54,25,6
54,26,65
54,27,71
54,28,21
54,29,90
54,30,37
54,31,86
54,32,66
54,33,59
54,34,50
54,35,19
54,36,87
54,37,6
54,38,60
54,39,39
54,40,92
54,41,65
54,42,47
54,43,49
54,44,79
54,45,45
54,46,47
54,47,49
54,48,45
54,49,11
54,50,75
54,51,48
54,52,68
54,53,37
54,54,65535
54,55,49
54,56,87
54,57,78
54,58,24
54,59,64
54,60,15
54,61,49
54,62,78
54,63,81
54,64,100
54,65,94
54,66,46
54,67,5
54,68,60
54,69,3
54,70,40
54,71,84
54,72,86
54,73,47
54,74,5
55,0,7
55,1,42
55,2,12
55,3,39
55,4,15
55,5,5
55,6,39
55,7,32
55,8,58
55,9,39
55,10,25
55,11,72
55,12,74
55,13,60
55,14,53
55,15,47
55,16,78
55,17,24
55,18,15
55,19,65
55,20,54
55,21,85
55,22,48
55,23,34
55,24,14
55,25,98
55,26,1
55,27,43
55,28,94
55,29,14
55,30,15
55,31,30
55,32,46
55,33,40
55,34,83
55,35,63
55,36,33
55,37,7
55,38,69
55,39,97
55,40,2
55,41,71
55,42,48
55,43,27
55,44,86
55,45,100
55,46,43
55,47,79
55,48,64
55,49,96
55,50,96
55,51,73
55,52,80
55,53,90
55,54,41
55,55,65535
55,56,1
55,57,52
55,58,17
55,59,95
55,60,16
55,61,10
55,62,97
55,63,63
55,64,99
55,65,14
55,66,88
55,67,55
55,68,17
55,69,34
55,70,85
55,71,69
55,72,67
55,73,29
55,74,39
56,0,12
56,1,23
56,2,24
56,3,7
56,4,79
56,5,72
56,6,49
56,7,70
56,8,5
56,9,27
56,10,12
56,11,27
56,12,91
56,13,52
56,14,87
56,15,18
56,16,3
56,17,60
56,18,59
56,19,38
56,20,97
56,21,67
56,22,2
56,23,63
56,24,91
56,25,22
56,26,56
56,27,84
56,28,38
56,29,70
56,30,66
56,31,91
56,32,29
56,33,43
56,34,30
56,35,4
56,36,51
56,37,94
56,38,70
56,39,79
56,40,27
56,41,87
56,42,41
56,43,6
56,44,55
56,45,18
56,46,23
56,47,51
56,48,99
56,49,59
56,50,35
56,51,76
56,52,22
56,53,99
56,54,94
56,55,55
56,56,65535
56,57,27
56,58,64
56,59,44
56,60,42
56,61,72
56,62,54
56,63,14
56,64,82
56,65,6
56,66,56
56,67,70
56,68,27
56,69,5
56,70,26
56,71,18
56,72,78
56,73,48
56,74,55
57,0,4
57,1,85
57,2,32
57,3,45
57,4,29
57,5,79
57,6,71
57,7,14
57,8,94
57,9,99
57,10,60
57,11,3
57,12,68
57,13,94
57,14,59
57,15,47
57,16,14
57,17,14
57,18,57
57,19,87
57,20,78
57,21,78
57,22,8
57,23,84
57,24,39
57,25,20
57,26,43
57,27,96
57,28,43
57,29,62
57,30,63
57,31,49
57,32,78
57,33,21
57,34,94
57,35,92
57,36,82
57,37,89
57,38,34
57,39,12
57,40,12
57,41,63
57,42,38
57,43,29
57,44,16
57,45,93
57,46,39
57,47,37
57,48,83
57,49,89
57,50,10
57,51,64
57,52,45
57,53,30
57,54,9
57,55,93
57,56,18
57,57,65535
57,58,7
57,59,2
57,60,88
57,61,87
57,62,11
57,63,77
57,64,16
57,65,39
57,66,90
57,67,37
57,68,41
57,69,69
57,70,1
57,71,47
57,72,67
57,73,57
57,74,79
58,0,73
58,1,37
58,2,50
58,3,68
58,4,25
58,5,6
58,6,12
58,7,94
58,8,24
58,9,32
58,10,80
58,11,12
58,12,71
58,13,26
58,14,84
58,15,56
58,16,63
58,17,17
58,18,39
58,19,81
58,20,13
58,21,59
58,22,61
58,23,77
58,24,36
58,25,58
58,26,59
58,27,14
58,28,38
58,29,73
58,30,93
58,31,34
58,32,48
58,33,71
58,34,29
58,35,30
58,36,28
58,37,96
58,38,86
58,39,100
58,40,5
58,41,22
58,42,10
58,43,48
58,44,87
58,45,1
58,46,7
58,47,61
58,48,90
58,49,75
58,50,2
58,51,23
58,52,89
58,53,44
58,54,82
58,55,48
58,56,56
58,57,65
58,58,65535
58,59,97
58,60,52
58,61,11
58,62,70
58,63,46
58,64,30
58,65,79
58,66,12
58,67,76
58,68,56
58,69,85
58,70,33
58,71,16
58,72,23
58,73,100
58,74,23
59,0,95
59,1,96
59,2,19
59,3,26
59,4,8
59,5,8
59,6,20
59,7,7
59,8,38
59,9,31
59,10,92
59,11,16
59,12,4
59,13,47
59,14,84
59,15,88
59,16,18
59,17,98
59,18,68
59,19,37
59,20,75
59,21,40
59,22,43
59,23,53
59,24,42
59,25,35
59,26,89
59,27,11
59,28,52
59,29,46
59,30,97
59,31,81
59,32,30
59,33,42
59,34,86
59,35,38
59,36,8
59,37,94
59,38,71
59,39,14
59,40,84
59,41,83
59,42,23
59,43,63
59,44,15
59,45,97
59,46,21
59,47,84
59,48,11
59,49,5
59,50,61
59,51,70
59,52,16
59,53,58
59,54,36
59,55,21
59,56,68
59,57,82
59,58,91
59,59,65535
59,60,67
59,61,43
59,62,2
59,63,91
59,64,65
59,65,81
59,66,98
59,67,71
59,68,26
59,69,77
59,70,6
59,71,35
59,72,73
59,73,3
59,74,62
60,0,45
60,1,41
60,2,43
60,3,36
60,4,88
60,5,61
60,6,42
60,7,27
60,8,55
60,9,54
60,10,3
60,11,57
60,12,67
60,13,89
60,14,32
60,15,68
60,16,69
60,17,95
60,18,85
60,19,37
60,20,9
60,21,86
60,22,33
60,23,20
60,24,22
60,25,93
60,26,62
60,27,88
60,28,99
60,29,28
60,30,14
60,31,46
60,32,47
60,33,28
60,34,93
60,35,14
60,36,17
60,37,4
60,38,54
60,39,57
60,40,95
60,41,57
60,42,75
60,43,40
60,44,45
60,45,56
60,46,46
60,47,22
60,48,60
60,49,100
60,50,55
60,51,89
60,52,80
60,53,93
60,54,29
60,55,4
60,56,90
60,57,66
60,58,95
60,59,6
60,60,65535
60,61,84
60,62,60
60,63,20
60,64,85
60,65,46
60,66,35
60,67,71
60,68,63
60,69,22
60,70,37
60,71,1
60,72,93
60,73,33
60,74,75
61,0,70
61,1,83
61,2,49
61,3,47
61,4,37
61,5,12
61,6,32
61,7,73
61,8,5
61,9,96
61,10,93
61,11,75
61,12,33
61,13,17
61,14,51
61,15,99
61,16,20
61,17,73
61,18,36
61,19,99
61,20,59
61,21,43
61,22,81
61,23,41
61,24,96
61,25,44
61,26,52
61,27,67
61,28,29
61,29,73
61,30,72
61,31,68
61,32,73
61,33,58
61,34,8
61,35,45
61,36,13
61,37,48
61,38,65
61,39,64
61,40,62
61,41,34
61,42,7
61,43,30
61,44,95
61,45,61
61,46,9
61,47,64
61,48,9
61,49,84
61,50,49
61,51,83
61,52,46
61,53,94
61,54,93
61,55,27
61,56,50
61,57,43
61,58,35
61,59,1
61,60,43
61,61,65535
61,62,41
61,63,12
61,64,21
61,65,57
61,66,17
61,67,64
61,68,46
61,69,47
61,70,83
61,71,59
61,72,16
61,73,93
61,74,82
62,0,83
62,1,58
62,2,40
62,3,41
62,4,99
62,5,6
62,6,54
62,7,67
62,8,70
62,9,37
62,10,54
62,11,71
62,12,4
62,13,1
62,14,61
62,15,25
62,16,92
62,17,69
62,18,46
62,19,30
62,20,54
62,21,23
62,22,7
62,23,24
62,24,43
62,25,15
62,26,10
62,27,72
62,28,46
62,29,15
62,30,10
62,31,49
62,32,7
62,33,70
62,34,79
62,35,98
62,36,13
62,37,7
62,38,4
62,39,86
62,40,22
62,41,3
62,42,20
62,43,48
62,44,21
62,45,77
62,46,99
62,47,6
62,48,2
62,49,11
62,50,19
62,51,11
62,52,64
62,53,37
62,54,44
62,55,35
62,56,71
62,57,92
62,58,94
62,59,100
62,60,46
62,61,99
62,62,65535
62,63,57
62,64,9
62,65,78
62,66,7
62,67,14
62,68,95
62,69,44
62,70,27
62,71,55
62,72,74
62,73,51
62,74,60
63,0,18
63,1,25
63,2,42
63,3,59
63,4,34
63,5,100
63,6,76
63,7,3
63,8,66
63,9,14
63,10,83
63,11,23
63,12,96
63,13,22
63,14,8
63,15,21
63,16,59
63,17,66
63,18,31
63,19,85
63,20,46
63,21,49
63,22,77
63,23,93
63,24,28
63,25,46
63,26,97
63,27,22
63,28,13
63,29,61
63,30,37
63,31,22
63,32,79
63,33,73
63,34,12
63,35,30
63,36,1
63,37,69
63,38,73
63,39,50
63,40,8
63,41,23
63,42,91
63,43,78
63,44,1
63,45,1
63,46,17
63,47,70
63,48,40
63,49,89
63,50,78
63,51,22
63,52,17
63,53,11
63,54,93
63,55,7
63,56,49
63,57,3
63,58,47
63,59,27
63,60,65
63,61,16
63,62,65
63,63,65535
63,64,27
63,65,33
63,66,72
63,67,27
63,68,34
63,69,96
63,70,54
63,71,29
63,72,17
63,73,39
63,74,71
64,0,21
64,1,81
64,2,6
64,3,74
64,4,93
64,5,34
64,6,1
64,7,51
64,8,41
64,9,17
64,10,42
64,11,48
64,12,93
64,13,17
64,14,44
64,15,53
64,16,53
64,17,94
64,18,35
64,19,20
64,20,74
64,21,72
64,22,91
64,23,5
64,24,77
64,25,8
64,26,89
64,27,71
64,28,19
64,29,36
64,30,7
64,31,47
64,32,100
64,33,36
64,34,51
64,35,96
64,36,60
64,37,91
64,38,70
64,39,70
64,40,61
64,41,41
64,42,17
64,43,46
64,44,46
64,45,99
64,46,56
64,47,92
64,48,43
64,49,18
64,50,40
64,51,27
64,52,46
64,53,57
64,54,53
64,55,3
64,56,54
64,57,62
64,58,58
64,59,59
64,60,17
64,61,93
64,62,80
64,63,19
64,64,65535
64,65,76
64,66,6
64,67,14
64,68,41
64,69,43
64,70,28
64,71,54
64,72,31
64,73,93
64,74,20
65,0,19
65,1,67
65,2,85
65,3,54
65,4,94
65,5,67
65,6,76
65,7,31
65,8,35
65,9,52
65,10,7
65,11,50
65,12,60
65,13,10
65,14,66
65,15,100
65,16,24
65,17,65
65,18,54
65,19,74
65,20,73
65,21,66
65,22,22
65,23,37
65,24,41
65,25,72
65,26,60
65,27,85
65,28,44
65,29,46
65,30,65
65,31,5
65,32,89
65,33,60
65,34,47
65,35,26
65,36,9
65,37,93
65,38,36
65,39,78
65,40,60
65,41,93
65,42,100
65,43,50
65,44,60
65,45,35
65,46,40
65,47,15
65,48,55
65,49,21
65,50,36
65,51,3
65,52,15
65,53,65
65,54,33
65,55,38
65,56,88
65,57,48
65,58,63
65,59,99
65,60,98
65,61,9
65,62,30
65,63,79
65,64,100
65,65,65535
65,66,90
65,67,91
65,68,60
65,69,100
65,70,90
65,71,77
65,72,6
65,73,81
65,74,60
66,0,86
66,1,47
66,2,6
66,3,82
66,4,36
66,5,75
66,6,58
66,7,87
66,8,64
66,9,48
66,10,37
66,11,13
66,12,45
66,13,81
66,14,96
66,15,70
66,16,25
66,17,49
66,18,40
66,19,81
66,20,16
66,21,30
66,22,37
66,23,24
66,24,99
66,25,5
66,26,89
66,27,16
66,28,56
66,29,18
66,30,39
66,31,17
66,32,35
66,33,91
66,34,61
66,35,100
66,36,33
66,37,59
66,38,1
66,39,85
66,40,100
66,41,30
66,42,84
66,43,93
66,44,39
66,45,82
66,46,6
66,47,53
66,48,58
66,49,43
66,50,51
66,51,62
66,52,49
66,53,58
66,54,27
66,55,6
66,56,49
66,57,85
66,58,25
66,59,78
66,60,61
66,61,26
66,62,31
66,63,58
66,64,47
66,65,66
66,66,65535
66,67,88
66,68,15
66,69,90
66,70,38
66,71,8
66,72,91
66,73,61
66,74,46
67,0,93
67,1,88
67,2,98
67,3,38
67,4,89
67,5,82
67,6,48
67,7,33
67,8,65
67,9,74
67,10,29
67,11,4
67,12,99
67,13,89
67,14,96
67,15,82
67,16,17
67,17,26
67,18,72
67,19,44
67,20,49
67,21,96
67,22,69
67,23,94
67,24,51
67,25,19
67,26,6
67,27,54
67,28,37
67,29,17
67,30,25
67,31,24
67,32,92
67,33,20
67,34,76
67,35,92
67,36,94
67,37,64
67,38,42
67,39,36
67,40,7
67,41,63
67,42,15
67,43,4
67,44,30
67,45,53
67,46,7
67,47,80
67,48,15
67,49,86
67,50,15
67,51,11
67,52,19
67,53,10
67,54,49
67,55,11
67,56,1
67,57,61
67,58,83
67,59,94
67,60,17
67,61,82
67,62,19
67,63,63
67,64,30
67,65,91
67,66,73
67,67,65535
67,68,46
67,69,42
67,70,25
67,71,95
67,72,66
67,73,2
67,74,34
68,0,71
68,1,72
68,2,31
68,3,84
68,4,29
68,5,37
68,6,4
68,7,97
68,8,67
68,9,38
68,10,7
68,11,46
68,12,48
68,13,62
68,14,5
68,15,59
68,16,61
68,17,69
68,18,40
68,19,95
68,20,83
68,21,25
68,22,92
68,23,27
68,24,43
68,25,18
68,26,62
68,27,42
68,28,49
68,29,62
68,30,12
68,31,62
68,32,31
68,33,14
68,34,40
68,35,85
68,36,67
68,37,14
68,38,39
68,39,86
68,40,46
68,41,20
68,42,41
68,43,72
68,44,95
68,45,18
68,46,12
68,47,63
68,48,26
68,49,72
68,50,77
68,51,8
68,52,97
68,53,39
68,54,1
68,55,69
68,56,81
68,57,51
68,58,23
68,59,93
68,60,44
68,61,74
68,62,8
68,63,29
68,64,74
68,65,23
68,66,64
68,67,92
68,68,65535
68,69,79
68,70,19
68,71,4
68,72,73
68,73,88
68,74,60
69,0,15
69,1,60
69,2,20
69,3,81
69,4,76
69,5,45
69,6,14
69,7,66
69,8,95
69,9,78
69,10,54
69,11,84
69,12,10
69,13,63
69,14,79
69,15,33
69,16,60
69,17,64
69,18,33
69,19,26
69,20,49
69,21,52
69,22,17
69,23,81
69,24,66
69,25,55
69,26,39
69,27,71
69,28,86
69,29,68
69,30,99
69,31,42
69,32,58
69,33,99
69,34,13
69,35,40
69,36,23
69,37,44
69,38,37
69,39,57
69,40,90
69,41,76
69,42,4
69,43,53
69,44,6
69,45,18
69,46,91
69,47,29
69,48,65
69,49,13
69,50,85
69,51,79
69,52,72
69,53,89
69,54,36
69,55,82
69,56,14
69,57,24
69,58,81
69,59,95
69,60,7
69,61,65
69,62,79
69,63,99
69,64,42
69,65,77
69,66,81
69,67,17
69,68,22
69,69,65535
69,70,98
69,71,4
69,72,75
69,73,68
69,74,37
70,0,64
70,1,22
70,2,46
70,3,25
70,4,6
70,5,18
70,6,53
70,7,33
70,8,8
70,9,100
70,10,45
70,11,52
70,12,76
70,13,78
70,14,53
70,15,37
70,16,90
70,17,17
70,18,86
70,19,90
70,20,82
70,21,28
70,22,54
70,23,39
70,24,82
70,25,77
70,26,1
70,27,44
70,28,24
70,29,26
70,30,80
70,31,29
70,32,87
70,33,17
70,34,45
70,35,38
70,36,92
70,37,71
70,38,41
70,39,59
70,40,63
70,41,46
70,42,43
70,43,52
70,44,99
70,45,49
70,46,63
70,47,62
70,48,87
70,49,99
70,50,54
70,51,7
70,52,46
70,53,27
70,54,45
70,55,89
70,56,6
70,57,65
70,58,33
70,59,97
70,60,15
70,61,9
70,62,20
70,63,54
70,64,72
70,65,56
70,66,74
70,67,88
70,68,10
70,69,81
70,70,65535
70,71,96
70,72,40
70,73,15
70,74,22
71,0,47
71,1,39
71,2,72
71,3,84
71,4,44
71,5,87
71,6,3
71,7,22
71,8,50
71,9,59
71,10,1
71,11,36
71,12,88
71,13,11
71,14,6
71,15,25
71,16,29
71,17,18
71,18,87
71,19,52
71,20,78
71,21,37
71,22,89
71,23,67
71,24,19
71,25,14
71,26,3
71,27,80
71,28,16
71,29,54
71,30,90
71,31,30
71,32,9
71,33,89
71,34,89
71,35,25
71,36,26
71,37,72
71,38,68
71,39,53
71,40,54
71,41,33
71,42,69
71,43,75
71,44,21
71,45,23
71,46,93
71,47,74
71,48,65
71,49,36
71,50,51
71,51,97
71,52,19
71,53,50
71,54,99
71,55,59
71,56,71
71,57,2
71,58,19
71,59,18
71,60,3
71,61,54
71,62,98
71,63,5
71,64,53
71,65,55
71,66,45
71,67,73
71,68,80
71,69,99
71,70,47
71,71,65535
71,72,88
71,73,5
71,74,84
72,0,4
72,1,38
72,2,91
72,3,41
72,4,18
72,5,78
72,6,22
72,7,99
72,8,44
72,9,16
72,10,21
72,11,48
72,12,15
72,13,57
72,14,83
72,15,81
72,16,33
72,17,97
72,18,90
72,19,71
72,20,29
72,21,24
72,22,27
72,23,70
72,24,55
72,25,52
72,26,67
72,27,43
72,28,66
72,29,91
72,30,27
72,31,33
72,32,6
72,33,98
72,34,33
72,35,6
72,36,23
72,37,41
72,38,60
72,39,62
72,40,65
72,41,89
72,42,100
72,43,35
72,44,75
72,45,49
72,46,67
72,47,79
72,48,51
72,49,79
72,50,45
72,51,40
72,52,49
72,53,38
72,54,94
72,55,24
72,56,67
72,57,59
72,58,35
72,59,9
72,60,12
72,61,66
72,62,6
72,63,7
72,64,98
72,65,87
72,66,86
72,67,71
72,68,46
72,69,24
72,70,4
72,71,64
72,72,65535
72,73,13
72,74,31
73,0,54
73,1,79
73,2,4
73,3,81
73,4,41
73,5,30
73,6,100
73,7,4
73,8,71
73,9,95
73,10,34
73,11,60
73,12,40
73,13,20
73,14,92
73,15,46
73,16,48
73,17,83
73,18,68
73,19,54
73,20,58
73,21,83
73,22,47
73,23,70
73,24,83
73,25,77
73,26,41
73,27,63
73,28,32
73,29,83
73,30,90
73,31,98
73,32,25
73,33,79
73,34,85
73,35,2
73,36,6
73,37,48
73,38,39
73,39,21
73,40,62
73,41,35
73,42,100
73,43,1
73,44,19
73,45,35
73,46,9
73,47,61
73,48,82
73,49,95
73,50,31
73,51,51
73,52,34
73,53,35
73,54,22
73,55,60
73,56,92
73,57,76
73,58,78
73,59,59
73,60,95
73,61,54
73,62,17
73,63,3
73,64,84
73,65,86
73,66,15
73,67,52
73,68,63
73,69,38
73,70,96
73,71,33
73,72,70
73,73,65535
73,74,39
74,0,77
74,1,100
74,2,60
74,3,59
74,4,45
74,5,26
74,6,36
74,7,78
74,8,67
74,9,50
74,10,60
74,11,78
74,12,7
74,13,60
74,14,42
74,15,5
74,16,80
74,17,65
74,18,11
74,19,45
74,20,95
74,21,61
74,22,53
74,23,68
74,24,36
74,25,26
74,26,65
74,27,95
74,28,70
74,29,70
74,30,20
74,31,3
74,32,99
74,33,87
74,34,80
74,35,11
74,36,71
74,37,32
74,38,5
74,39,86
74,40,97
74,41,27
74,42,74
74,43,16
74,44,87
74,45,94
74,46,94
74,47,31
74,48,51
74,49,55
74,50,95
74,51,41
74,52,49
74,53,42
74,54,27
74,55,69
74,56,84
74,57,36
74,58,61
74,59,100
74,60,76
74,61,12
74,62,38
74,63,33
74,64,36
74,65,80
74,66,66
74,67,42
74,68,1
74,69,66
74,70,4
74,71,69
74,72,87
74,73,63
74,74,65535
