NVERTICI:100
VERTICI (id,domanda)
0,0
1,23
2,54
3,64
4,99
5,17
6,74
7,9
8,81
9,45
10,37
11,9
12,83
13,6
14,86
15,100
16,37
17,45
18,40
19,16
20,18
21,15
22,58
23,46
24,29
25,60
26,70
27,26
28,36
29,13
30,66
31,88
32,29
33,23
34,98
35,34
36,53
37,99
38,95
39,100
40,1
41,54
42,37
43,35
44,45
45,100
46,54
47,69
48,97
49,50
50,91
51,44
52,81
53,9
54,69
55,28
56,88
57,19
58,92
59,72
60,97
61,98
62,40
63,95
64,80
65,91
66,40
67,72
68,79
69,34
70,92
71,85
72,6
73,7
74,53
75,38
76,58
77,75
78,14
79,81
80,81
81,15
82,78
83,22
84,62
85,19
86,48
87,8
88,62
89,24
90,33
91,26
92,37
93,39
94,66
95,87
96,64
97,5
98,30
99,65
ARCHI (id origine, id destinazione, peso)
0,0,65535
0,1,22
0,2,32
0,3,25
0,4,92
0,5,83
0,6,43
0,7,28
0,8,94
0,9,14
0,10,48
0,11,63
0,12,33
0,13,11
0,14,64
0,15,83
0,16,99
0,17,15
0,18,13
0,19,3
0,20,68
0,21,39
0,22,45
0,23,71
0,24,12
0,25,41
0,26,12
0,27,68
0,28,51
0,29,38
0,30,94
0,31,73
0,32,46
0,33,70
0,34,45
0,35,44
0,36,79
0,37,33
0,38,66
0,39,38
0,40,75
0,41,96
0,42,22
0,43,71
0,44,8
0,45,64
0,46,26
0,47,55
0,48,43
0,49,94
0,50,20
0,51,44
0,52,43
0,53,65
0,54,58
0,55,22
0,56,96
0,57,53
0,58,56
0,59,29
0,60,87
0,61,64
0,62,19
0,63,68
0,64,81
0,65,66
0,66,54
0,67,63
0,68,95
0,69,96
0,70,47
0,71,78
0,72,60
0,73,69
0,74,70
0,75,91
0,76,77
0,77,68
0,78,68
0,79,64
0,80,11
0,81,90
0,82,47
0,83,8
0,84,95
0,85,80
0,86,29
0,87,79
0,88,31
0,89,93
0,90,66
0,91,23
0,92,95
0,93,39
0,94,34
0,95,23
0,96,24
0,97,90
0,98,29
0,99,85
1,0,83
1,1,65535
1,2,72
1,3,65
1,4,41
1,5,53
1,6,45
1,7,36
1,8,42
1,9,43
1,10,12
1,11,77
1,12,55
1,13,7
1,14,63
1,15,14
1,16,29
1,17,37
1,18,62
1,19,52
1,20,30
1,21,47
1,22,62
1,23,49
1,24,65
1,25,38
1,26,69
1,27,24
1,28,26
1,29,72
1,30,42
1,31,8
1,32,96
1,33,98
1,34,19
1,35,10
1,36,85
1,37,1
1,38,57
1,39,92
1,40,48
1,41,8
1,42,69
1,43,19
1,44,46
1,45,61
1,46,100
1,47,40
1,48,47
1,49,35
1,50,24
1,51,25
1,52,3
1,53,2
1,54,15
1,55,61
1,56,3
1,57,3
1,58,2
1,59,53
1,60,82
1,61,35
1,62,65
1,63,7
1,64,7
1,65,9
1,66,23
1,67,75
1,68,6
1,69,53
1,70,94
1,71,84
1,72,69
1,73,94
1,74,77
1,75,30
1,76,41
1,77,6
1,78,81
1,79,41
1,80,83
1,81,31
1,82,34
1,83,54
1,84,55
1,85,34
1,86,35
1,87,42
1,88,13
1,89,38
1,90,8
1,91,92
1,92,99
1,93,41
1,94,37
1,95,53
1,96,80
1,97,67
1,98,73
1,99,93
2,0,10
2,1,30
2,2,65535
2,3,25
2,4,25
2,5,6
2,6,29
2,7,98
2,8,4
2,9,57
2,10,22
2,11,74
2,12,3
2,13,16
2,14,76
2,15,18
2,16,39
2,17,68
2,18,100
2,19,83
2,20,66
2,21,14
2,22,60
2,23,62
2,24,28
2,25,39
2,26,16
2,27,49
2,28,11
2,29,64
2,30,57
2,31,45
2,32,94
2,33,96
2,34,16
2,35,98
2,36,72
2,37,86
2,38,27
2,39,43
2,40,74
2,41,64
2,42,47
2,43,2
2,44,62
2,45,15
2,46,51
2,47,56
2,48,86
2,49,5
2,50,13
2,51,96
2,52,5
2,53,24
2,54,13
2,55,3
2,56,99
2,57,58
2,58,54
2,59,67
2,60,52
2,61,64
2,62,37
2,63,37
2,64,39
2,65,33
2,66,47
2,67,4
2,68,98
2,69,10
2,70,21
2,71,3
2,72,35
2,73,92
2,74,22
2,75,100
2,76,3
2,77,89
2,78,4
2,79,89
2,80,33
2,81,32
2,82,46
2,83,24
2,84,97
2,85,99
2,86,20
2,87,16
2,88,10
2,89,52
2,90,25
2,91,49
2,92,24
2,93,96
2,94,66
2,95,28
2,96,6
2,97,57
2,98,43
2,99,61
3,0,18
3,1,32
3,2,91
3,3,65535
3,4,32
3,5,81
3,6,20
3,7,9
3,8,97
3,9,41
3,10,46
3,11,64
3,12,94
3,13,43
3,14,55
3,15,92
3,16,3
3,17,41
3,18,84
3,19,82
3,20,50
3,21,39
3,22,10
3,23,28
3,24,79
3,25,15
3,26,37
3,27,9
3,28,31
3,29,92
3,30,72
3,31,2
3,32,26
3,33,66
3,34,68
3,35,49
3,36,17
3,37,3
3,38,90
3,39,68
3,40,86
3,41,79
3,42,66
3,43,12
3,44,85
3,45,32
3,46,63
3,47,93
3,48,60
3,49,47
3,50,64
3,51,4
3,52,92
3,53,56
3,54,57
3,55,64
3,56,37
3,57,71
3,58,26
3,59,6
3,60,37
3,61,33
3,62,37
3,63,78
3,64,3
3,65,30
3,66,46
3,67,40
3,68,3
3,69,36
3,70,14
3,71,24
3,72,88
3,73,1
3,74,99
3,75,31
3,76,48
3,77,10
3,78,2
3,79,82
3,80,34
3,81,50
3,82,60
3,83,98
3,84,96
3,85,28
3,86,58
3,87,32
3,88,3
3,89,100
3,90,60
3,91,67
3,92,54
3,93,64
3,94,42
3,95,90
3,96,64
3,97,28
3,98,57
3,99,30
4,0,8
4,1,48
4,2,75
4,3,64
4,4,65535
4,5,94
4,6,25
4,7,27
4,8,59
4,9,83
4,10,28
4,11,54
4,12,67
4,13,35
4,14,74
4,15,91
4,16,35
4,17,43
4,18,57
4,19,53
4,20,99
4,21,96
4,22,66
4,23,50
4,24,30
4,25,17
4,26,10
4,27,6
4,28,82
4,29,13
4,30,25
4,31,63
4,32,43
4,33,95
4,34,29
4,35,51
4,36,51
4,37,94
4,38,51
4,39,21
4,40,86
4,41,92
4,42,16
4,43,29
4,44,12
4,45,14
4,46,28
4,47,44
4,48,82
4,49,54
4,50,9
4,51,70
4,52,30
4,53,67
4,54,95
4,55,56
4,56,35
4,57,57
4,58,13
4,59,82
4,60,20
4,61,98
4,62,41
4,63,13
4,64,91
4,65,42
4,66,34
4,67,77
4,68,31
4,69,29
4,70,5
4,71,40
4,72,37
4,73,63
4,74,73
4,75,85
4,76,61
4,77,46
4,78,93
4,79,53
4,80,33
4,81,26
4,82,77
4,83,63
4,84,5
4,85,64
4,86,37
4,87,19
4,88,6
4,89,85
4,90,26
4,91,43
4,92,67
4,93,25
4,94,91
4,95,46
4,96,36
4,97,61
4,98,86
4,99,96
5,0,29
5,1,19
5,2,45
5,3,34
5,4,1
5,5,65535
5,6,40
5,7,32
5,8,37
5,9,23
5,10,24
5,11,19
5,12,96
5,13,52
5,14,83
5,15,12
5,16,88
5,17,87
5,18,82
5,19,73
5,20,71
5,21,20
5,22,67
5,23,13
5,24,4
5,25,4
5,26,33
5,27,38
5,28,72
5,29,78
5,30,53
5,31,36
5,32,94
5,33,70
5,34,2
5,35,29
5,36,33
5,37,75
5,38,23
5,39,77
5,40,34
5,41,95
5,42,1
5,43,21
5,44,87
5,45,15
5,46,76
5,47,43
5,48,54
5,49,3
5,50,86
5,51,25
5,52,4
5,53,71
5,54,12
5,55,53
5,56,6
5,57,51
5,58,22
5,59,30
5,60,54
5,61,34
5,62,17
5,63,3
5,64,33
5,65,34
5,66,52
5,67,17
5,68,85
5,69,97
5,70,96
5,71,67
5,72,48
5,73,59
5,74,48
5,75,24
5,76,21
5,77,41
5,78,11
5,79,66
5,80,82
5,81,17
5,82,16
5,83,42
5,84,34
5,85,87
5,86,25
5,87,9
5,88,62
5,89,63
5,90,74
5,91,23
5,92,45
5,93,93
5,94,62
5,95,94
5,96,12
5,97,88
5,98,95
5,99,15
6,0,51
6,1,59
6,2,64
6,3,11
6,4,34
6,5,82
6,6,65535
6,7,57
6,8,85
6,9,64
6,10,66
6,11,5
6,12,5
6,13,20
6,14,29
6,15,89
6,16,61
6,17,60
6,18,40
6,19,60
6,20,86
6,21,3
6,22,83
6,23,68
6,24,94
6,25,1
6,26,34
6,27,96
6,28,78
6,29,3
6,30,79
6,31,20
6,32,4
6,33,29
6,34,16
6,35,84
6,36,30
6,37,3
6,38,69
6,39,52
6,40,79
6,41,39
6,42,50
6,43,41
6,44,87
6,45,19
6,46,83
6,47,39
6,48,95
6,49,44
6,50,91
6,51,50
6,52,95
6,53,66
6,54,6
6,55,94
6,56,24
6,57,76
6,58,34
6,59,87
6,60,42
6,61,96
6,62,24
6,63,19
6,64,31
6,65,79
6,66,25
6,67,65
6,68,84
6,69,3
6,70,99
6,71,46
6,72,93
6,73,70
6,74,85
6,75,100
6,76,93
6,77,9
6,78,65
6,79,22
6,80,54
6,81,72
6,82,47
6,83,47
6,84,54
6,85,40
6,86,55
6,87,16
6,88,28
6,89,49
6,90,94
6,91,100
6,92,32
6,93,97
6,94,8
6,95,70
6,96,4
6,97,3
6,98,13
6,99,89
7,0,36
7,1,56
7,2,40
7,3,38
7,4,45
7,5,21
7,6,10
7,7,65535
7,8,5
7,9,82
7,10,45
7,11,84
7,12,42
7,13,8
7,14,40
7,15,87
7,16,8
7,17,69
7,18,48
7,19,23
7,20,87
7,21,92
7,22,25
7,23,60
7,24,89
7,25,55
7,26,56
7,27,72
7,28,91
7,29,96
7,30,81
7,31,49
7,32,3
7,33,56
7,34,53
7,35,92
7,36,69
7,37,4
7,38,11
7,39,96
7,40,47
7,41,63
7,42,19
7,43,9
7,44,60
7,45,48
7,46,36
7,47,27
7,48,81
7,49,93
7,50,77
7,51,95
7,52,16
7,53,96
7,54,54
7,55,4
7,56,73
7,57,92
7,58,15
7,59,81
7,60,4
7,61,82
7,62,13
7,63,30
7,64,25
7,65,72
7,66,24
7,67,13
7,68,44
7,69,78
7,70,98
7,71,48
7,72,10
7,73,65
7,74,40
7,75,10
7,76,82
7,77,25
7,78,85
7,79,29
7,80,3
7,81,4
7,82,25
7,83,76
7,84,17
7,85,23
7,86,39
7,87,69
7,88,33
7,89,26
7,90,1
7,91,81
7,92,86
7,93,46
7,94,18
7,95,3
7,96,44
7,97,6
7,98,98
7,99,39
8,0,99
8,1,36
8,2,35
8,3,90
8,4,4
8,5,75
8,6,21
8,7,30
8,8,65535
8,9,34
8,10,73
8,11,84
8,12,6
8,13,43
8,14,69
8,15,52
8,16,79
8,17,25
8,18,32
8,19,37
8,20,54
8,21,49
8,22,68
8,23,62
8,24,30
8,25,17
8,26,84
8,27,89
8,28,11
8,29,72
8,30,21
8,31,80
8,32,7
8,33,63
8,34,23
8,35,40
8,36,46
8,37,54
8,38,96
8,39,55
8,40,28
8,41,37
8,42,63
8,43,87
8,44,85
8,45,18
8,46,51
8,47,45
8,48,4
8,49,46
8,50,30
8,51,45
8,52,42
8,53,98
8,54,23
8,55,3
8,56,64
8,57,70
8,58,97
8,59,36
8,60,20
8,61,8
8,62,46
8,63,75
8,64,87
8,65,53
8,66,48
8,67,81
8,68,47
8,69,98
8,70,50
8,71,74
8,72,99
8,73,58
8,74,10
8,75,40
8,76,45
8,77,74
8,78,24
8,79,16
8,80,23
8,81,84
8,82,54
8,83,5
8,84,88
8,85,68
8,86,71
8,87,12
8,88,69
8,89,88
8,90,99
8,91,63
8,92,65
8,93,74
8,94,83
8,95,11
8,96,32
8,97,86
8,98,18
8,99,36
9,0,45
9,1,24
9,2,72
9,3,29
9,4,43
9,5,8
9,6,70
9,7,18
9,8,15
9,9,65535
9,10,57
9,11,97
9,12,100
9,13,58
9,14,34
9,15,22
9,16,73
9,17,22
9,18,23
9,19,2
9,20,65
9,21,62
9,22,47
9,23,16
9,24,89
9,25,44
9,26,46
9,27,24
9,28,73
9,29,38
9,30,89
9,31,93
9,32,65
9,33,71
9,34,95
9,35,4
9,36,32
9,37,66
9,38,54
9,39,57
9,40,43
9,41,35
9,42,67
9,43,27
9,44,51
9,45,26
9,46,23
9,47,10
9,48,64
9,49,35
9,50,47
9,51,66
9,52,41
9,53,61
9,54,27
9,55,69
9,56,95
9,57,91
9,58,64
9,59,58
9,60,58
9,61,38
9,62,39
9,63,64
9,64,21
9,65,31
9,66,78
9,67,35
9,68,88
9,69,5
9,70,78
9,71,62
9,72,52
9,73,47
9,74,94
9,75,7
9,76,65
9,77,22
9,78,59
9,79,51
9,80,88
9,81,13
9,82,34
9,83,6
9,84,46
9,85,62
9,86,46
9,87,80
9,88,97
9,89,81
9,90,59
9,91,80
9,92,7
9,93,90
9,94,90
9,95,66
9,96,37
9,97,82
9,98,49
9,99,34
10,0,65
10,1,64
10,2,98
10,3,82
10,4,44
10,5,49
10,6,99
10,7,18
10,8,13
10,9,31
10,10,65535
10,11,19
10,12,85
10,13,56
10,14,5
10,15,66
10,16,65
10,17,71
10,18,52
10,19,25
10,20,43
10,21,66
10,22,95
10,23,11
10,24,14
10,25,21
10,26,89
10,27,7
10,28,1
10,29,2
10,30,61
10,31,100
10,32,4
10,33,48
10,34,8
10,35,68
10,36,78
10,37,61
10,38,11
10,39,35
10,40,52
10,41,79
10,42,4
10,43,52
10,44,71
10,45,6
10,46,20
10,47,38
10,48,21
10,49,51
10,50,50
10,51,37
10,52,61
10,53,75
10,54,17
10,55,61
10,56,5
10,57,43
10,58,48
10,59,30
10,60,55
10,61,56
10,62,66
10,63,89
10,64,60
10,65,35
10,66,56
10,67,41
10,68,48
10,69,71
10,70,30
10,71,21
10,72,16
10,73,58
10,74,14
10,75,3
10,76,50
10,77,97
10,78,65
10,79,71
10,80,71
10,81,35
10,82,85
10,83,68
10,84,56
10,85,61
10,86,89
10,87,30
10,88,96
10,89,31
10,90,51
10,91,84
10,92,14
10,93,16
10,94,92
10,95,30
10,96,70
10,97,37
10,98,8
10,99,22
11,0,38
11,1,20
11,2,90
11,3,95
11,4,44
11,5,93
11,6,1
11,7,50
11,8,19
11,9,94
11,10,31
11,11,65535
11,12,47
11,13,41
11,14,49
11,15,17
11,16,10
11,17,57
11,18,94
11,19,73
11,20,94
11,21,57
11,22,9
11,23,30
11,24,43
11,25,18
11,26,64
11,27,27
11,28,91
11,29,56
11,30,61
11,31,35
11,32,84
11,33,9
11,34,6
11,35,16
11,36,73
11,37,65
11,38,96
11,39,72
11,40,5
11,41,51
11,42,76
11,43,79
11,44,20
11,45,79
11,46,78
11,47,90
11,48,39
11,49,41
11,50,57
11,51,29
11,52,84
11,53,63
11,54,35
11,55,79
11,56,7
11,57,23
11,58,43
11,59,39
11,60,5
11,61,54
11,62,39
11,63,60
11,64,48
11,65,100
11,66,47
11,67,33
11,68,46
11,69,66
11,70,67
11,71,65
11,72,14
11,73,56
11,74,45
11,75,96
11,76,62
11,77,98
11,78,87
11,79,71
11,80,91
11,81,35
11,82,78
11,83,2
11,84,13
11,85,60
11,86,52
11,87,92
11,88,73
11,89,59
11,90,99
11,91,30
11,92,39
11,93,76
11,94,12
11,95,30
11,96,90
11,97,6
11,98,18
11,99,15
12,0,91
12,1,94
12,2,71
12,3,97
12,4,29
12,5,9
12,6,42
12,7,81
12,8,60
12,9,33
12,10,84
12,11,94
12,12,65535
12,13,26
12,14,68
12,15,4
12,16,63
12,17,85
12,18,34
12,19,44
12,20,49
12,21,55
12,22,19
12,23,55
12,24,44
12,25,75
12,26,9
12,27,91
12,28,35
12,29,34
12,30,96
12,31,30
12,32,26
12,33,54
12,34,78
12,35,84
12,36,72
12,37,18
12,38,53
12,39,35
12,40,96
12,41,42
12,42,30
12,43,85
12,44,45
12,45,77
12,46,87
12,47,56
12,48,7
12,49,84
12,50,59
12,51,22
12,52,44
12,53,47
12,54,19
12,55,9
12,56,6
12,57,6
12,58,33
12,59,87
12,60,87
12,61,92
12,62,58
12,63,96
12,64,12
12,65,42
12,66,72
12,67,32
12,68,85
12,69,1
12,70,80
12,71,96
12,72,92
12,73,29
12,74,37
12,75,9
12,76,88
12,77,98
12,78,68
12,79,44
12,80,95
12,81,82
12,82,21
12,83,55
12,84,41
12,85,94
12,86,98
12,87,41
12,88,97
12,89,71
12,90,2
12,91,97
12,92,56
12,93,22
12,94,80
12,95,90
12,96,42
12,97,6
12,98,46
12,99,35
13,0,61
13,1,91
13,2,8
13,3,59
13,4,97
13,5,74
13,6,61
13,7,64
13,8,29
13,9,71
13,10,19
13,11,92
13,12,44
13,13,65535
13,14,18
13,15,17
13,16,27
13,17,71
13,18,18
13,19,55
13,20,21
13,21,32
13,22,28
13,23,22
13,24,100
13,25,95
13,26,64
13,27,70
13,28,85
13,29,60
13,30,49
13,31,4
13,32,69
13,33,18
13,34,29
13,35,62
13,36,27
13,37,84
13,38,34
13,39,46
13,40,72
13,41,11
13,42,82
13,43,23
13,44,20
13,45,56
13,46,21
13,47,13
13,48,56
13,49,9
13,50,8
13,51,1
13,52,18
13,53,81
13,54,26
13,55,42
13,56,45
13,57,6
13,58,41
13,59,18
13,60,99
13,61,93
13,62,63
13,63,39
13,64,37
13,65,35
13,66,28
13,67,2
13,68,81
13,69,88
13,70,100
13,71,15
13,72,4
13,73,34
13,74,42
13,75,18
13,76,5
13,77,64
13,78,99
13,79,26
13,80,12
13,81,73
13,82,75
13,83,53
13,84,39
13,85,95
13,86,20
13,87,37
13,88,26
13,89,48
13,90,43
13,91,46
13,92,65
13,93,92
13,94,100
13,95,56
13,96,75
13,97,65
13,98,88
13,99,19
14,0,23
14,1,94
14,2,83
14,3,3
14,4,10
14,5,19
14,6,67
14,7,6
14,8,65
14,9,64
14,10,13
14,11,85
14,12,24
14,13,92
14,14,65535
14,15,83
14,16,59
14,17,62
14,18,2
14,19,75
14,20,58
14,21,95
14,22,48
14,23,92
14,24,29
14,25,71
14,26,4
14,27,28
14,28,84
14,29,44
14,30,18
14,31,94
14,32,72
14,33,37
14,34,29
14,35,60
14,36,78
14,37,59
14,38,61
14,39,78
14,40,10
14,41,19
14,42,4
14,43,61
14,44,38
14,45,29
14,46,8
14,47,74
14,48,80
14,49,38
14,50,53
14,51,23
14,52,21
14,53,67
14,54,2
14,55,82
14,56,99
14,57,51
14,58,11
14,59,40
14,60,74
14,61,71
14,62,79
14,63,11
14,64,38
14,65,53
14,66,19
14,67,14
14,68,63
14,69,59
14,70,65
14,71,23
14,72,21
14,73,33
14,74,98
14,75,42
14,76,78
14,77,69
14,78,17
14,79,21
14,80,20
14,81,36
14,82,34
14,83,80
14,84,90
14,85,18
14,86,17
14,87,92
14,88,46
14,89,70
14,90,36
14,91,35
14,92,65
14,93,94
14,94,93
14,95,18
14,96,63
14,97,77
14,98,45
14,99,96
15,0,55
15,1,40
15,2,2
15,3,42
15,4,94
15,5,58
15,6,26
15,7,84
15,8,65
15,9,3
15,10,29
15,11,13
15,12,84
15,13,26
15,14,50
15,15,65535
15,16,36
15,17,37
15,18,79
15,19,93
15,20,93
15,21,91
15,22,41
15,23,100
15,24,42
15,25,33
15,26,55
15,27,17
15,28,72
15,29,42
15,30,61
15,31,89
15,32,71
15,33,77
15,34,58
15,35,23
15,36,95
15,37,26
15,38,59
15,39,41
15,40,58
15,41,56
15,42,20
15,43,56
15,44,28
15,45,34
15,46,31
15,47,62
15,48,23
15,49,89
15,50,18
15,51,6
15,52,77
15,53,40
15,54,75
15,55,89
15,56,18
15,57,6
15,58,28
15,59,1
15,60,17
15,61,84
15,62,81
15,63,3
15,64,95
15,65,81
15,66,5
15,67,10
15,68,58
15,69,69
15,70,64
15,71,10
15,72,67
15,73,62
15,74,52
15,75,90
15,76,97
15,77,86
15,78,94
15,79,20
15,80,92
15,81,100
15,82,24
15,83,12
15,84,55
15,85,18
15,86,27
15,87,68
15,88,33
15,89,65
15,90,36
15,91,75
15,92,92
15,93,46
15,94,53
15,95,31
15,96,28
15,97,34
15,98,83
15,99,58
16,0,10
16,1,75
16,2,90
16,3,38
16,4,16
16,5,82
16,6,94
16,7,81
16,8,87
16,9,60
16,10,45
16,11,9
16,12,54
16,13,27
16,14,69
16,15,40
16,16,65535
16,17,63
16,18,61
16,19,34
16,20,5
16,21,89
16,22,80
16,23,50
16,24,4
16,25,24
16,26,7
16,27,20
16,28,34
16,29,100
16,30,54
16,31,77
16,32,87
16,33,65
16,34,62
16,35,83
16,36,23
16,37,96
16,38,42
16,39,95
16,40,43
16,41,3
16,42,12
16,43,27
16,44,94
16,45,24
16,46,4
16,47,39
16,48,52
16,49,99
16,50,79
16,51,90
16,52,17
16,53,8
16,54,4
16,55,57
16,56,85
16,57,41
16,58,89
16,59,56
16,60,6
16,61,79
16,62,64
16,63,99
16,64,21
16,65,42
16,66,12
16,67,14
16,68,75
16,69,4
16,70,55
16,71,39
16,72,51
16,73,25
16,74,65
16,75,39
16,76,94
16,77,48
16,78,62
16,79,65
16,80,99
16,81,31
16,82,76
16,83,18
16,84,33
16,85,38
16,86,100
16,87,43
16,88,76
16,89,72
16,90,58
16,91,92
16,92,39
16,93,80
16,94,50
16,95,46
16,96,65
16,97,88
16,98,98
16,99,30
17,0,12
17,1,92
17,2,53
17,3,22
17,4,1
17,5,85
17,6,92
17,7,58
17,8,84
17,9,62
17,10,43
17,11,86
17,12,98
17,13,75
17,14,7
17,15,56
17,16,86
17,17,65535
17,18,6
17,19,25
17,20,44
17,21,24
17,22,14
17,23,88
17,24,3
17,25,69
17,26,51
17,27,29
17,28,56
17,29,29
17,30,99
17,31,46
17,32,58
17,33,74
17,34,25
17,35,68
17,36,71
17,37,76
17,38,37
17,39,12
17,40,5
17,41,11
17,42,68
17,43,93
17,44,86
17,45,30
17,46,60
17,47,27
17,48,66
17,49,9
17,50,53
17,51,55
17,52,70
17,53,84
17,54,96
17,55,51
17,56,11
17,57,99
17,58,17
17,59,77
17,60,88
17,61,18
17,62,84
17,63,95
17,64,49
17,65,95
17,66,54
17,67,96
17,68,85
17,69,43
17,70,10
17,71,61
17,72,92
17,73,71
17,74,50
17,75,14
17,76,39
17,77,61
17,78,17
17,79,85
17,80,28
17,81,22
17,82,15
17,83,2
17,84,89
17,85,33
17,86,43
17,87,4
17,88,42
17,89,92
17,90,58
17,91,68
17,92,94
17,93,79
17,94,31
17,95,25
17,96,86
17,97,57
17,98,70
17,99,59
18,0,53
18,1,28
18,2,18
18,3,21
18,4,19
18,5,50
18,6,72
18,7,82
18,8,17
18,9,70
18,10,83
18,11,81
18,12,48
18,13,24
18,14,9
18,15,54
18,16,26
18,17,56
18,18,65535
18,19,52
18,20,30
18,21,37
18,22,11
18,23,61
18,24,64
18,25,87
18,26,89
18,27,74
18,28,71
18,29,46
18,30,96
18,31,21
18,32,27
18,33,67
18,34,100
18,35,80
18,36,96
18,37,5
18,38,80
18,39,32
18,40,89
18,41,24
18,42,65
18,43,4
18,44,82
18,45,89
18,46,9
18,47,19
18,48,99
18,49,81
18,50,29
18,51,30
18,52,71
18,53,25
18,54,26
18,55,96
18,56,5
18,57,78
18,58,46
18,59,70
18,60,42
18,61,74
18,62,37
18,63,27
18,64,54
18,65,99
18,66,96
18,67,24
18,68,92
18,69,71
18,70,35
18,71,12
18,72,28
18,73,33
18,74,39
18,75,34
18,76,14
18,77,43
18,78,38
18,79,15
18,80,27
18,81,22
18,82,3
18,83,26
18,84,76
18,85,68
18,86,71
18,87,35
18,88,100
18,89,97
18,90,57
18,91,10
18,92,63
18,93,76
18,94,7
18,95,26
18,96,43
18,97,89
18,98,23
18,99,14
19,0,31
19,1,50
19,2,54
19,3,12
19,4,11
19,5,68
19,6,37
19,7,84
19,8,99
19,9,22
19,10,46
19,11,82
19,12,29
19,13,54
19,14,87
19,15,83
19,16,83
19,17,36
19,18,49
19,19,65535
19,20,100
19,21,10
19,22,76
19,23,19
19,24,29
19,25,77
19,26,73
19,27,82
19,28,46
19,29,97
19,30,36
19,31,96
19,32,86
19,33,34
19,34,43
19,35,76
19,36,15
19,37,58
19,38,5
19,39,98
19,40,94
19,41,18
19,42,37
19,43,28
19,44,84
19,45,88
19,46,51
19,47,55
19,48,8
19,49,38
19,50,12
19,51,96
19,52,50
19,53,96
19,54,83
19,55,66
19,56,62
19,57,8
19,58,77
19,59,93
19,60,81
19,61,64
19,62,31
19,63,96
19,64,39
19,65,86
19,66,97
19,67,47
19,68,81
19,69,93
19,70,25
19,71,42
19,72,50
19,73,37
19,74,16
19,75,71
19,76,44
19,77,64
19,78,69
19,79,37
19,80,9
19,81,69
19,82,98
19,83,35
19,84,25
19,85,60
19,86,8
19,87,99
19,88,13
19,89,52
19,90,37
19,91,92
19,92,90
19,93,51
19,94,43
19,95,61
19,96,82
19,97,17
19,98,69
19,99,48
20,0,65
20,1,85
20,2,9
20,3,81
20,4,97
20,5,23
20,6,86
20,7,90
20,8,30
20,9,62
20,10,62
20,11,30
20,12,30
20,13,62
20,14,63
20,15,7
20,16,16
20,17,94
20,18,76
20,19,44
20,20,65535
20,21,90
20,22,27
20,23,8
20,24,16
20,25,98
20,26,40
20,27,94
20,28,8
20,29,15
20,30,64
20,31,3
20,32,9
20,33,17
20,34,68
20,35,72
20,36,13
20,37,64
20,38,61
20,39,28
20,40,35
20,41,40
20,42,20
20,43,91
20,44,1
20,45,56
20,46,28
20,47,37
20,48,40
20,49,97
20,50,72
20,51,67
20,52,98
20,53,68
20,54,47
20,55,74
20,56,79
20,57,87
20,58,66
20,59,27
20,60,35
20,61,15
20,62,95
20,63,52
20,64,76
20,65,38
20,66,85
20,67,20
20,68,45
20,69,3
20,70,88
20,71,5
20,72,37
20,73,33
20,74,40
20,75,63
20,76,80
20,77,3
20,78,5
20,79,53
20,80,89
20,81,30
20,82,33
20,83,18
20,84,11
20,85,78
20,86,94
20,87,98
20,88,2
20,89,75
20,90,38
20,91,44
20,92,98
20,93,78
20,94,48
20,95,90
20,96,86
20,97,60
20,98,86
20,99,40
21,0,2
21,1,46
21,2,91
21,3,90
21,4,84
21,5,34
21,6,93
21,7,30
21,8,4
21,9,84
21,10,55
21,11,9
21,12,82
21,13,48
21,14,88
21,15,90
21,16,89
21,17,63
21,18,52
21,19,94
21,20,7
21,21,65535
21,22,8
21,23,20
21,24,38
21,25,49
21,26,3
21,27,97
21,28,42
21,29,69
21,30,35
21,31,51
21,32,6
21,33,34
21,34,73
21,35,83
21,36,7
21,37,91
21,38,4
21,39,28
21,40,84
21,41,77
21,42,86
21,43,27
21,44,36
21,45,5
21,46,40
21,47,56
21,48,81
21,49,80
21,50,90
21,51,50
21,52,48
21,53,23
21,54,85
21,55,68
21,56,81
21,57,64
21,58,80
21,59,54
21,60,4
21,61,28
21,62,66
21,63,26
21,64,73
21,65,48
21,66,18
21,67,14
21,68,42
21,69,25
21,70,49
21,71,80
21,72,84
21,73,13
21,74,21
21,75,32
21,76,32
21,77,33
21,78,62
21,79,28
21,80,51
21,81,88
21,82,81
21,83,98
21,84,6
21,85,58
21,86,44
21,87,18
21,88,26
21,89,34
21,90,16
21,91,10
21,92,51
21,93,15
21,94,15
21,95,34
21,96,79
21,97,54
21,98,28
21,99,81
22,0,4
22,1,63
22,2,94
22,3,74
22,4,68
22,5,98
22,6,90
22,7,72
22,8,27
22,9,13
22,10,69
22,11,41
22,12,32
22,13,3
22,14,20
22,15,31
22,16,75
22,17,73
22,18,64
22,19,47
22,20,100
22,21,92
22,22,65535
22,23,54
22,24,65
22,25,30
22,26,96
22,27,10
22,28,18
22,29,75
22,30,46
22,31,60
22,32,28
22,33,93
22,34,94
22,35,76
22,36,24
22,37,36
22,38,74
22,39,72
22,40,28
22,41,40
22,42,1
22,43,95
22,44,79
22,45,27
22,46,51
22,47,99
22,48,33
22,49,41
22,50,100
22,51,83
22,52,95
22,53,84
22,54,27
22,55,72
22,56,100
22,57,28
22,58,15
22,59,96
22,60,64
22,61,63
22,62,91
22,63,74
22,64,12
22,65,64
22,66,11
22,67,70
22,68,25
22,69,47
22,70,42
22,71,68
22,72,20
22,73,81
22,74,3
22,75,28
22,76,61
22,77,55
22,78,5
22,79,83
22,80,24
22,81,94
22,82,63
22,83,24
22,84,52
22,85,99
22,86,80
22,87,94
22,88,59
22,89,3
22,90,98
22,91,51
22,92,18
22,93,36
22,94,49
22,95,85
22,96,89
22,97,12
22,98,12
22,99,97
23,0,6
23,1,59
23,2,24
23,3,98
23,4,26
23,5,8
23,6,80
23,7,37
23,8,79
23,9,90
23,10,65
23,11,11
23,12,79
23,13,59
23,14,46
23,15,48
23,16,3
23,17,77
23,18,83
23,19,18
23,20,46
23,21,62
23,22,43
23,23,65535
23,24,18
23,25,61
23,26,85
23,27,13
23,28,55
23,29,67
23,30,36
23,31,86
23,32,36
23,33,83
23,34,20
23,35,17
23,36,19
23,37,4
23,38,9
23,39,74
23,40,7
23,41,31
23,42,3
23,43,92
23,44,22
23,45,81
23,46,90
23,47,16
23,48,9
23,49,78
23,50,35
23,51,57
23,52,64
23,53,99
23,54,56
23,55,75
23,56,27
23,57,37
23,58,11
23,59,30
23,60,58
23,61,76
23,62,8
23,63,48
23,64,92
23,65,16
23,66,64
23,67,56
23,68,35
23,69,37
23,70,50
23,71,79
23,72,21
23,73,55
23,74,23
23,75,84
23,76,66
23,77,100
23,78,14
23,79,88
23,80,54
23,81,24
23,82,50
23,83,92
23,84,58
23,85,14
23,86,93
23,87,43
23,88,4
23,89,58
23,90,97
23,91,1
23,92,99
23,93,80
23,94,13
23,95,42
23,96,97
23,97,67
23,98,32
23,99,35
24,0,50
24,1,70
24,2,3
24,3,42
24,4,62
24,5,14
24,6,37
24,7,83
24,8,27
24,9,65
24,10,38
24,11,23
24,12,51
24,13,6
24,14,71
24,15,1
24,16,51
24,17,60
24,18,6
24,19,91
24,20,4
24,21,56
24,22,53
24,23,26
24,24,65535
24,25,97
24,26,91
24,27,66
24,28,64
24,29,45
24,30,70
24,31,40
24,32,31
24,33,23
24,34,88
24,35,38
24,36,4
24,37,86
24,38,39
24,39,78
24,40,89
24,41,35
24,42,48
24,43,67
24,44,22
24,45,18
24,46,77
24,47,90
24,48,88
24,49,27
24,50,84
24,51,33
24,52,98
24,53,22
24,54,75
24,55,87
24,56,96
24,57,44
24,58,69
24,59,77
24,60,80
24,61,75
24,62,82
24,63,40
24,64,94
24,65,86
24,66,75
24,67,65
24,68,87
24,69,98
24,70,2
24,71,26
24,72,79
24,73,51
24,74,50
24,75,13
24,76,77
24,77,74
24,78,75
24,79,93
24,80,73
24,81,72
24,82,12
24,83,53
24,84,71
24,85,20
24,86,61
24,87,19
24,88,4
24,89,41
24,90,40
24,91,25
24,92,65
24,93,25
24,94,59
24,95,95
24,96,1
24,97,7
24,98,66
24,99,51
25,0,87
25,1,76
25,2,75
25,3,34
25,4,71
25,5,38
25,6,61
25,7,77
25,8,48
25,9,92
25,10,62
25,11,89
25,12,82
25,13,58
25,14,59
25,15,55
25,16,72
25,17,65
25,18,80
25,19,62
25,20,13
25,21,47
25,22,21
25,23,72
25,24,28
25,25,65535
25,26,43
25,27,98
25,28,22
25,29,34
25,30,48
25,31,59
25,32,91
25,33,83
25,34,14
25,35,29
25,36,39
25,37,2
25,38,99
25,39,61
25,40,49
25,41,42
25,42,16
25,43,38
25,44,93
25,45,12
25,46,21
25,47,19
25,48,64
25,49,37
25,50,53
25,51,22
25,52,81
25,53,58
25,54,13
25,55,82
25,56,27
25,57,88
25,58,79
25,59,90
25,60,7
25,61,42
25,62,17
25,63,46
25,64,65
25,65,52
25,66,44
25,67,61
25,68,96
25,69,93
25,70,43
25,71,25
25,72,53
25,73,46
25,74,99
25,75,82
25,76,67
25,77,69
25,78,88
25,79,6
25,80,92
25,81,1
25,82,11
25,83,13
25,84,88
25,85,30
25,86,41
25,87,92
25,88,83
25,89,48
25,90,90
25,91,89
25,92,89
25,93,18
25,94,90
25,95,27
25,96,26
25,97,85
25,98,99
25,99,83
26,0,63
26,1,49
26,2,59
26,3,69
26,4,11
26,5,49
26,6,100
26,7,84
26,8,99
26,9,9
26,10,17
26,11,84
26,12,95
26,13,44
26,14,53
26,15,43
26,16,45
26,17,45
26,18,42
26,19,54
26,20,39
26,21,4
26,22,35
26,23,87
26,24,31
26,25,47
26,26,65535
26,27,53
26,28,90
26,29,46
26,30,43
26,31,92
26,32,34
26,33,25
26,34,56
26,35,22
26,36,38
26,37,77
26,38,24
26,39,75
26,40,23
26,41,38
26,42,40
26,43,83
26,44,77
26,45,61
26,46,18
26,47,27
26,48,65
26,49,80
26,50,81
26,51,13
26,52,70
26,53,57
26,54,22
26,55,85
26,56,29
26,57,9
26,58,85
26,59,2
26,60,14
26,61,67
26,62,56
26,63,99
26,64,42
26,65,32
26,66,98
26,67,27
26,68,91
26,69,3
26,70,70
26,71,60
26,72,59
26,73,42
26,74,61
26,75,59
26,76,79
26,77,49
26,78,20
26,79,85
26,80,69
26,81,35
26,82,81
26,83,85
26,84,22
26,85,37
26,86,73
26,87,91
26,88,15
26,89,33
26,90,11
26,91,34
26,92,85
26,93,8
26,94,39
26,95,39
26,96,88
26,97,54
26,98,79
26,99,67
27,0,100
27,1,76
27,2,5
27,3,92
27,4,75
27,5,66
27,6,29
27,7,74
27,8,83
27,9,28
27,10,87
27,11,35
27,12,66
27,13,13
27,14,10
27,15,29
27,16,96
27,17,7
27,18,37
27,19,43
27,20,96
27,21,31
27,22,66
27,23,34
27,24,42
27,25,67
27,26,12
27,27,65535
27,28,10
27,29,39
27,30,64
27,31,81
27,32,59
27,33,74
27,34,18
27,35,14
27,36,27
27,37,81
27,38,20
27,39,76
27,40,38
27,41,43
27,42,21
27,43,76
27,44,14
27,45,26
27,46,32
27,47,66
27,48,13
27,49,44
27,50,20
27,51,52
27,52,37
27,53,26
27,54,14
27,55,23
27,56,40
27,57,97
27,58,31
27,59,53
27,60,89
27,61,75
27,62,71
27,63,17
27,64,43
27,65,100
27,66,39
27,67,50
27,68,100
27,69,4
27,70,89
27,71,7
27,72,42
27,73,64
27,74,34
27,75,91
27,76,33
27,77,40
27,78,31
27,79,8
27,80,69
27,81,95
27,82,53
27,83,46
27,84,78
27,85,45
27,86,49
27,87,21
27,88,33
27,89,77
27,90,27
27,91,43
27,92,53
27,93,22
27,94,61
27,95,40
27,96,45
27,97,22
27,98,2
27,99,46
28,0,81
28,1,89
28,2,57
28,3,60
28,4,11
28,5,22
28,6,42
28,7,91
28,8,28
28,9,96
28,10,56
28,11,83
28,12,57
28,13,58
28,14,5
28,15,90
28,16,38
28,17,50
28,18,19
28,19,35
28,20,9
28,21,94
28,22,13
28,23,56
28,24,94
28,25,81
28,26,99
28,27,57
28,28,65535
28,29,76
28,30,83
28,31,37
28,32,71
28,33,91
28,34,35
28,35,90
28,36,26
28,37,23
28,38,5
28,39,32
28,40,61
28,41,70
28,42,17
28,43,3
28,44,2
28,45,47
28,46,72
28,47,78
28,48,48
28,49,92
28,50,51
28,51,98
28,52,95
28,53,10
28,54,64
28,55,99
28,56,29
28,57,18
28,58,3
28,59,22
28,60,1
28,61,99
28,62,76
28,63,57
28,64,55
28,65,73
28,66,44
28,67,39
28,68,38
28,69,32
28,70,17
28,71,54
28,72,2
28,73,57
28,74,33
28,75,72
28,76,78
28,77,75
28,78,59
28,79,76
28,80,99
28,81,30
28,82,45
28,83,49
28,84,18
28,85,79
28,86,83
28,87,6
28,88,50
28,89,30
28,90,51
28,91,99
28,92,41
28,93,14
28,94,15
28,95,42
28,96,63
28,97,88
28,98,72
28,99,65
29,0,58
29,1,67
29,2,5
29,3,81
29,4,62
29,5,21
29,6,60
29,7,70
29,8,73
29,9,45
29,10,39
29,11,80
29,12,62
29,13,42
29,14,56
29,15,87
29,16,23
29,17,89
29,18,52
29,19,51
29,20,84
29,21,14
29,22,9
29,23,68
29,24,57
29,25,9
29,26,55
29,27,90
29,28,21
29,29,65535
29,30,11
29,31,71
29,32,80
29,33,84
29,34,31
29,35,7
29,36,24
29,37,51
29,38,73
29,39,45
29,40,58
29,41,30
29,42,31
29,43,39
29,44,77
29,45,99
29,46,65
29,47,68
29,48,91
29,49,7
29,50,16
29,51,83
29,52,20
29,53,44
29,54,36
29,55,46
29,56,30
29,57,15
29,58,64
29,59,38
29,60,56
29,61,87
29,62,79
29,63,23
29,64,69
29,65,92
29,66,68
29,67,74
29,68,97
29,69,93
29,70,19
29,71,6
29,72,25
29,73,72
29,74,90
29,75,71
29,76,25
29,77,70
29,78,85
29,79,8
29,80,56
29,81,76
29,82,71
29,83,18
29,84,10
29,85,37
29,86,36
29,87,64
29,88,17
29,89,24
29,90,94
29,91,45
29,92,94
29,93,60
29,94,16
29,95,29
29,96,64
29,97,58
29,98,53
29,99,42
30,0,38
30,1,67
30,2,28
30,3,81
30,4,12
30,5,49
30,6,7
30,7,62
30,8,8
30,9,17
30,10,60
30,11,39
30,12,44
30,13,2
30,14,13
30,15,33
30,16,15
30,17,30
30,18,7
30,19,71
30,20,12
30,21,64
30,22,54
30,23,41
30,24,24
30,25,6
30,26,42
30,27,88
30,28,75
30,29,31
30,30,65535
30,31,64
30,32,64
30,33,10
30,34,9
30,35,19
30,36,97
30,37,86
30,38,81
30,39,76
30,40,62
30,41,40
30,42,97
30,43,58
30,44,31
30,45,31
30,46,97
30,47,20
30,48,72
30,49,93
30,50,30
30,51,22
30,52,21
30,53,5
30,54,73
30,55,73
30,56,94
30,57,75
30,58,40
30,59,98
30,60,45
30,61,70
30,62,71
30,63,65
30,64,10
30,65,11
30,66,94
30,67,84
30,68,74
30,69,96
30,70,54
30,71,33
30,72,68
30,73,91
30,74,37
30,75,11
30,76,53
30,77,79
30,78,68
30,79,11
30,80,77
30,81,68
30,82,86
30,83,53
30,84,48
30,85,4
30,86,71
30,87,68
30,88,60
30,89,35
30,90,55
30,91,79
30,92,92
30,93,22
30,94,73
30,95,90
30,96,99
30,97,14
30,98,41
30,99,87
31,0,42
31,1,17
31,2,52
31,3,83
31,4,38
31,5,10
31,6,15
31,7,57
31,8,55
31,9,16
31,10,8
31,11,34
31,12,71
31,13,11
31,14,52
31,15,48
31,16,90
31,17,95
31,18,77
31,19,78
31,20,49
31,21,92
31,22,39
31,23,87
31,24,1
31,25,35
31,26,70
31,27,48
31,28,20
31,29,5
31,30,77
31,31,65535
31,32,42
31,33,45
31,34,63
31,35,14
31,36,99
31,37,52
31,38,76
31,39,95
31,40,96
31,41,45
31,42,41
31,43,26
31,44,77
31,45,89
31,46,36
31,47,22
31,48,19
31,49,61
31,50,48
31,51,5
31,52,70
31,53,93
31,54,8
31,55,76
31,56,100
31,57,95
31,58,55
31,59,63
31,60,17
31,61,34
31,62,62
31,63,54
31,64,73
31,65,21
31,66,89
31,67,51
31,68,49
31,69,72
31,70,47
31,71,55
31,72,56
31,73,10
31,74,79
31,75,7
31,76,50
31,77,82
31,78,45
31,79,5
31,80,13
31,81,12
31,82,8
31,83,28
31,84,99
31,85,7
31,86,46
31,87,28
31,88,21
31,89,72
31,90,38
31,91,41
31,92,54
31,93,3
31,94,16
31,95,97
31,96,32
31,97,55
31,98,83
31,99,36
32,0,71
32,1,73
32,2,32
32,3,9
32,4,95
32,5,53
32,6,50
32,7,13
32,8,24
32,9,74
32,10,78
32,11,32
32,12,95
32,13,27
32,14,68
32,15,41
32,16,67
32,17,12
32,18,21
32,19,35
32,20,89
32,21,35
32,22,63
32,23,16
32,24,94
32,25,5
32,26,91
32,27,39
32,28,85
32,29,13
32,30,24
32,31,60
32,32,65535
32,33,62
32,34,87
32,35,7
32,36,90
32,37,29
32,38,39
32,39,23
32,40,63
32,41,33
32,42,19
32,43,68
32,44,35
32,45,73
32,46,41
32,47,44
32,48,33
32,49,50
32,50,1
32,51,45
32,52,67
32,53,13
32,54,42
32,55,59
32,56,74
32,57,31
32,58,75
32,59,74
32,60,97
32,61,94
32,62,93
32,63,76
32,64,56
32,65,64
32,66,12
32,67,30
32,68,32
32,69,45
32,70,94
32,71,87
32,72,65
32,73,76
32,74,58
32,75,87
32,76,6
32,77,14
32,78,84
32,79,21
32,80,90
32,81,77
32,82,5
32,83,65
32,84,87
32,85,82
32,86,11
32,87,96
32,88,98
32,89,79
32,90,18
32,91,34
32,92,54
32,93,65
32,94,67
32,95,14
32,96,92
32,97,84
32,98,18
32,99,21
33,0,5
33,1,18
33,2,90
33,3,39
33,4,24
33,5,19
33,6,63
33,7,42
33,8,72
33,9,42
33,10,1
33,11,47
33,12,48
33,13,11
33,14,81
33,15,41
33,16,97
33,17,47
33,18,81
33,19,24
33,20,12
33,21,78
33,22,82
33,23,44
33,24,76
33,25,50
33,26,7
33,27,85
33,28,11
33,29,69
33,30,53
33,31,73
33,32,68
33,33,65535
33,34,93
33,35,33
33,36,63
33,37,87
33,38,66
33,39,47
33,40,83
33,41,55
33,42,50
33,43,42
33,44,87
33,45,15
33,46,46
33,47,24
33,48,84
33,49,93
33,50,29
33,51,97
33,52,72
33,53,40
33,54,94
33,55,42
33,56,12
33,57,57
33,58,93
33,59,20
33,60,60
33,61,11
33,62,50
33,63,96
33,64,27
33,65,37
33,66,63
33,67,87
33,68,92
33,69,96
33,70,53
33,71,2
33,72,68
33,73,66
33,74,92
33,75,91
33,76,7
33,77,69
33,78,48
33,79,88
33,80,24
33,81,86
33,82,30
33,83,50
33,84,45
33,85,3
33,86,31
33,87,62
33,88,1
33,89,8
33,90,46
33,91,74
33,92,15
33,93,46
33,94,93
33,95,3
33,96,7
33,97,4
33,98,14
33,99,42
34,0,27
34,1,23
34,2,89
34,3,85
34,4,40
34,5,48
34,6,75
34,7,1
34,8,7
34,9,38
34,10,77
34,11,48
34,12,56
34,13,91
34,14,53
34,15,87
34,16,38
34,17,28
34,18,98
34,19,25
34,20,58
34,21,6
34,22,25
34,23,65
34,24,87
34,25,36
34,26,41
34,27,56
34,28,14
34,29,15
34,30,2
34,31,4
34,32,17
34,33,69
34,34,65535
34,35,12
34,36,50
34,37,45
34,38,31
34,39,83
34,40,93
34,41,23
34,42,20
34,43,15
34,44,22
34,45,55
34,46,10
34,47,19
34,48,91
34,49,10
34,50,67
34,51,59
34,52,44
34,53,87
34,54,70
34,55,81
34,56,6
34,57,31
34,58,11
34,59,36
34,60,56
34,61,7
34,62,7
34,63,24
34,64,33
34,65,67
34,66,9
34,67,49
34,68,58
34,69,42
34,70,66
34,71,54
34,72,22
34,73,38
34,74,26
34,75,55
34,76,10
34,77,18
34,78,93
34,79,69
34,80,18
34,81,78
34,82,64
34,83,92
34,84,90
34,85,15
34,86,67
34,87,31
34,88,44
34,89,51
34,90,34
34,91,57
34,92,59
34,93,24
34,94,31
34,95,6
34,96,52
34,97,90
34,98,64
34,99,4
35,0,88
35,1,20
35,2,77
35,3,58
35,4,22
35,5,48
35,6,57
35,7,45
35,8,38
35,9,27
35,10,56
35,11,4
35,12,23
35,13,77
35,14,70
35,15,3
35,16,14
35,17,23
35,18,36
35,19,73
35,20,37
35,21,57
35,22,20
35,23,26
35,24,51
35,25,75
35,26,88
35,27,16
35,28,62
35,29,62
35,30,55
35,31,35
35,32,64
35,33,58
35,34,93
35,35,65535
35,36,42
35,37,72
35,38,30
35,39,38
35,40,52
35,41,17
35,42,39
35,43,36
35,44,86
35,45,65
35,46,44
35,47,20
35,48,100
35,49,99
35,50,51
35,51,45
35,52,43
35,53,10
35,54,99
35,55,24
35,56,74
35,57,34
35,58,33
35,59,5
35,60,19
35,61,5
35,62,58
35,63,94
35,64,34
35,65,62
35,66,56
35,67,90
35,68,16
35,69,50
35,70,88
35,71,92
35,72,25
35,73,13
35,74,71
35,75,19
35,76,78
35,77,55
35,78,35
35,79,66
35,80,43
35,81,90
35,82,94
35,83,76
35,84,53
35,85,86
35,86,6
35,87,40
35,88,81
35,89,60
35,90,42
35,91,4
35,92,2
35,93,43
35,94,13
35,95,44
35,96,53
35,97,67
35,98,72
35,99,99
36,0,86
36,1,58
36,2,10
36,3,90
36,4,39
36,5,99
36,6,65
36,7,50
36,8,7
36,9,93
36,10,40
36,11,49
36,12,83
36,13,61
36,14,17
36,15,73
36,16,26
36,17,9
36,18,16
36,19,78
36,20,59
36,21,94
36,22,41
36,23,9
36,24,19
36,25,48
36,26,38
36,27,40
36,28,39
36,29,36
36,30,68
36,31,6
36,32,77
36,33,6
36,34,23
36,35,49
36,36,65535
36,37,82
36,38,73
36,39,33
36,40,3
36,41,65
36,42,100
36,43,72
36,44,59
36,45,65
36,46,14
36,47,46
36,48,40
36,49,1
36,50,44
36,51,49
36,52,26
36,53,24
36,54,56
36,55,1
36,56,59
36,57,86
36,58,91
36,59,21
36,60,97
36,61,21
36,62,30
36,63,32
36,64,58
36,65,86
36,66,93
36,67,2
36,68,45
36,69,59
36,70,46
36,71,26
36,72,54
36,73,97
36,74,41
36,75,51
36,76,78
36,77,41
36,78,87
36,79,32
36,80,28
36,81,99
36,82,14
36,83,23
36,84,6
36,85,67
36,86,84
36,87,8
36,88,58
36,89,97
36,90,92
36,91,80
36,92,91
36,93,31
36,94,25
36,95,10
36,96,26
36,97,2
36,98,61
36,99,52
37,0,95
37,1,71
37,2,22
37,3,49
37,4,24
37,5,31
37,6,93
37,7,51
37,8,72
37,9,30
37,10,46
37,11,16
37,12,98
37,13,87
37,14,58
37,15,74
37,16,61
37,17,44
37,18,48
37,19,60
37,20,36
37,21,43
37,22,32
37,23,56
37,24,72
37,25,20
37,26,83
37,27,58
37,28,29
37,29,77
37,30,5
37,31,69
37,32,45
37,33,77
37,34,29
37,35,58
37,36,91
37,37,65535
37,38,26
37,39,35
37,40,58
37,41,13
37,42,38
37,43,78
37,44,66
37,45,62
37,46,91
37,47,22
37,48,32
37,49,43
37,50,75
37,51,54
37,52,8
37,53,54
37,54,12
37,55,51
37,56,21
37,57,11
37,58,33
37,59,4
37,60,2
37,61,81
37,62,35
37,63,28
37,64,50
37,65,63
37,66,76
37,67,60
37,68,30
37,69,28
37,70,32
37,71,19
37,72,8
37,73,12
37,74,70
37,75,43
37,76,40
37,77,45
37,78,10
37,79,68
37,80,14
37,81,90
37,82,59
37,83,31
37,84,54
37,85,42
37,86,18
37,87,19
37,88,94
37,89,49
37,90,67
37,91,69
37,92,39
37,93,68
37,94,95
37,95,18
37,96,93
37,97,95
37,98,72
37,99,49
38,0,69
38,1,33
38,2,63
38,3,6
38,4,99
38,5,37
38,6,71
38,7,1
38,8,26
38,9,39
38,10,63
38,11,93
38,12,37
38,13,4
38,14,31
38,15,44
38,16,87
38,17,73
38,18,75
38,19,27
38,20,30
38,21,45
38,22,95
38,23,43
38,24,67
38,25,2
38,26,78
38,27,14
38,28,87
38,29,32
38,30,45
38,31,24
38,32,59
38,33,3
38,34,39
38,35,42
38,36,63
38,37,6
38,38,65535
38,39,20
38,40,62
38,41,49
38,42,91
38,43,47
38,44,41
38,45,11
38,46,13
38,47,71
38,48,29
38,49,2
38,50,88
38,51,55
38,52,30
38,53,13
38,54,92
38,55,36
38,56,76
38,57,27
38,58,62
38,59,11
38,60,21
38,61,85
38,62,11
38,63,84
38,64,95
38,65,96
38,66,50
38,67,53
38,68,98
38,69,15
38,70,25
38,71,90
38,72,65
38,73,17
38,74,77
38,75,18
38,76,69
38,77,18
38,78,21
38,79,68
38,80,82
38,81,62
38,82,53
38,83,84
38,84,85
38,85,47
38,86,5
38,87,62
38,88,27
38,89,2
38,90,47
38,91,18
38,92,91
38,93,26
38,94,98
38,95,93
38,96,24
38,97,72
38,98,3
38,99,99
39,0,37
39,1,47
39,2,29
39,3,27
39,4,16
39,5,33
39,6,45
39,7,59
39,8,20
39,9,98
39,10,63
39,11,71
39,12,9
39,13,22
39,14,69
39,15,83
39,16,40
39,17,56
39,18,39
39,19,5
39,20,13
39,21,81
39,22,11
39,23,1
39,24,22
39,25,40
39,26,73
39,27,94
39,28,6
39,29,20
39,30,2
39,31,55
39,32,22
39,33,42
39,34,63
39,35,52
39,36,52
39,37,66
39,38,39
39,39,65535
39,40,57
39,41,89
39,42,49
39,43,55
39,44,93
39,45,91
39,46,69
39,47,15
39,48,89
39,49,46
39,50,88
39,51,45
39,52,51
39,53,98
39,54,71
39,55,90
39,56,95
39,57,63
39,58,29
39,59,5
39,60,35
39,61,19
39,62,52
39,63,62
39,64,61
39,65,73
39,66,16
39,67,95
39,68,61
39,69,44
39,70,46
39,71,25
39,72,63
39,73,13
39,74,85
39,75,18
39,76,99
39,77,40
39,78,80
39,79,75
39,80,85
39,81,95
39,82,38
39,83,91
39,84,21
39,85,52
39,86,48
39,87,65
39,88,39
39,89,87
39,90,94
39,91,82
39,92,94
39,93,24
39,94,32
39,95,17
39,96,62
39,97,58
39,98,50
39,99,51
40,0,86
40,1,97
40,2,99
40,3,84
40,4,92
40,5,60
40,6,83
40,7,62
40,8,53
40,9,38
40,10,81
40,11,77
40,12,74
40,13,81
40,14,92
40,15,79
40,16,58
40,17,16
40,18,63
40,19,43
40,20,19
40,21,72
40,22,44
40,23,54
40,24,89
40,25,85
40,26,60
40,27,92
40,28,63
40,29,1
40,30,13
40,31,5
40,32,61
40,33,86
40,34,99
40,35,30
40,36,35
40,37,38
40,38,35
40,39,3
40,40,65535
40,41,54
40,42,9
40,43,14
40,44,45
40,45,49
40,46,85
40,47,57
40,48,33
40,49,96
40,50,92
40,51,64
40,52,70
40,53,87
40,54,56
40,55,32
40,56,1
40,57,91
40,58,86
40,59,89
40,60,51
40,61,35
40,62,89
40,63,34
40,64,3
40,65,4
40,66,95
40,67,88
40,68,99
40,69,29
40,70,12
40,71,48
40,72,38
40,73,74
40,74,66
40,75,45
40,76,43
40,77,96
40,78,94
40,79,79
40,80,10
40,81,97
40,82,83
40,83,56
40,84,65
40,85,22
40,86,11
40,87,46
40,88,41
40,89,52
40,90,86
40,91,31
40,92,8
40,93,96
40,94,59
40,95,52
40,96,75
40,97,84
40,98,100
40,99,32
41,0,9
41,1,55
41,2,40
41,3,81
41,4,34
41,5,48
41,6,67
41,7,32
41,8,63
41,9,28
41,10,87
41,11,74
41,12,9
41,13,61
41,14,6
41,15,40
41,16,41
41,17,39
41,18,90
41,19,7
41,20,56
41,21,79
41,22,94
41,23,23
41,24,84
41,25,7
41,26,38
41,27,100
41,28,58
41,29,79
41,30,72
41,31,25
41,32,52
41,33,38
41,34,65
41,35,53
41,36,71
41,37,58
41,38,30
41,39,14
41,40,55
41,41,65535
41,42,66
41,43,90
41,44,40
41,45,64
41,46,92
41,47,94
41,48,83
41,49,18
41,50,25
41,51,87
41,52,52
41,53,23
41,54,58
41,55,14
41,56,23
41,57,100
41,58,29
41,59,30
41,60,43
41,61,91
41,62,88
41,63,78
41,64,39
41,65,45
41,66,1
41,67,75
41,68,55
41,69,42
41,70,24
41,71,91
41,72,80
41,73,6
41,74,47
41,75,57
41,76,48
41,77,63
41,78,47
41,79,11
41,80,21
41,81,1
41,82,31
41,83,39
41,84,87
41,85,6
41,86,28
41,87,54
41,88,91
41,89,91
41,90,98
41,91,24
41,92,29
41,93,2
41,94,83
41,95,19
41,96,66
41,97,58
41,98,5
41,99,61
42,0,62
42,1,22
42,2,96
42,3,89
42,4,85
42,5,45
42,6,83
42,7,79
42,8,90
42,9,27
42,10,90
42,11,12
42,12,23
42,13,37
42,14,63
42,15,22
42,16,99
42,17,18
42,18,100
42,19,5
42,20,7
42,21,72
42,22,25
42,23,52
42,24,73
42,25,50
42,26,11
42,27,9
42,28,40
42,29,81
42,30,64
42,31,1
42,32,35
42,33,36
42,34,38
42,35,98
42,36,12
42,37,57
42,38,87
42,39,26
42,40,89
42,41,38
42,42,65535
42,43,78
42,44,42
42,45,43
42,46,42
42,47,34
42,48,17
42,49,15
42,50,27
42,51,19
42,52,41
42,53,95
42,54,14
42,55,19
42,56,5
42,57,17
42,58,32
42,59,81
42,60,100
42,61,82
42,62,48
42,63,73
42,64,33
42,65,1
42,66,92
42,67,63
42,68,29
42,69,90
42,70,16
42,71,83
42,72,98
42,73,56
42,74,88
42,75,33
42,76,34
42,77,49
42,78,58
42,79,86
42,80,66
42,81,15
42,82,75
42,83,34
42,84,78
42,85,7
42,86,96
42,87,6
42,88,70
42,89,71
42,90,4
42,91,12
42,92,25
42,93,3
42,94,45
42,95,97
42,96,54
42,97,84
42,98,81
42,99,61
43,0,20
43,1,62
43,2,85
43,3,51
43,4,14
43,5,55
43,6,53
43,7,13
43,8,72
43,9,100
43,10,51
43,11,32
43,12,80
43,13,15
43,14,94
43,15,96
43,16,45
43,17,64
43,18,96
43,19,93
43,20,66
43,21,76
43,22,75
43,23,6
43,24,37
43,25,64
43,26,39
43,27,7
43,28,95
43,29,98
43,30,35
43,31,88
43,32,18
43,33,67
43,34,7
43,35,45
43,36,64
43,37,55
43,38,14
43,39,39
43,40,53
43,41,6
43,42,32
43,43,65535
43,44,60
43,45,65
43,46,56
43,47,90
43,48,37
43,49,3
43,50,95
43,51,68
43,52,9
43,53,71
43,54,65
43,55,34
43,56,16
43,57,22
43,58,16
43,59,90
43,60,51
43,61,70
43,62,45
43,63,81
43,64,11
43,65,3
43,66,50
43,67,70
43,68,41
43,69,40
43,70,28
43,71,5
43,72,28
43,73,99
43,74,31
43,75,80
43,76,44
43,77,83
43,78,98
43,79,76
43,80,60
43,81,34
43,82,20
43,83,50
43,84,68
43,85,32
43,86,18
43,87,82
43,88,69
43,89,95
43,90,5
43,91,22
43,92,55
43,93,66
43,94,58
43,95,69
43,96,73
43,97,16
43,98,34
43,99,58
44,0,40
44,1,33
44,2,9
44,3,80
44,4,14
44,5,25
44,6,72
44,7,73
44,8,47
44,9,53
44,10,36
44,11,3
44,12,52
44,13,30
44,14,1
44,15,13
44,16,75
44,17,14
44,18,52
44,19,13
44,20,11
44,21,36
44,22,12
44,23,83
44,24,72
44,25,86
44,26,70
44,27,99
44,28,73
44,29,89
44,30,44
44,31,67
44,32,52
44,33,14
44,34,51
44,35,91
44,36,58
44,37,83
44,38,84
44,39,49
44,40,98
44,41,34
44,42,77
44,43,53
44,44,65535
44,45,68
44,46,27
44,47,32
44,48,98
44,49,89
44,50,21
44,51,80
44,52,81
44,53,46
44,54,63
44,55,53
44,56,52
44,57,47
44,58,54
44,59,28
44,60,22
44,61,41
44,62,32
44,63,28
44,64,79
44,65,68
44,66,32
44,67,55
44,68,60
44,69,34
44,70,90
44,71,34
44,72,87
44,73,36
44,74,22
44,75,64
44,76,88
44,77,71
44,78,3
44,79,35
44,80,25
44,81,93
44,82,84
44,83,45
44,84,82
44,85,2
44,86,97
44,87,69
44,88,93
44,89,66
44,90,91
44,91,62
44,92,7
44,93,76
44,94,61
44,95,27
44,96,48
44,97,23
44,98,38
44,99,2
45,0,66
45,1,81
45,2,42
45,3,52
45,4,71
45,5,38
45,6,7
45,7,40
45,8,77
45,9,14
45,10,4
45,11,29
45,12,7
45,13,61
45,14,73
45,15,63
45,16,2
45,17,67
45,18,7
45,19,81
45,20,9
45,21,77
45,22,99
45,23,57
45,24,62
45,25,50
45,26,78
45,27,1
45,28,27
45,29,44
45,30,36
45,31,36
45,32,52
45,33,98
45,34,36
45,35,93
45,36,9
45,37,18
45,38,67
45,39,33
45,40,14
45,41,12
45,42,38
45,43,96
45,44,79
45,45,65535
45,46,90
45,47,42
45,48,36
45,49,24
45,50,13
45,51,15
45,52,35
45,53,74
45,54,44
45,55,66
45,56,100
45,57,65
45,58,88
45,59,94
45,60,75
45,61,68
45,62,32
45,63,57
45,64,37
45,65,31
45,66,98
45,67,69
45,68,68
45,69,42
45,70,78
45,71,60
45,72,20
45,73,17
45,74,67
45,75,71
45,76,100
45,77,98
45,78,22
45,79,58
45,80,100
45,81,83
45,82,35
45,83,23
45,84,39
45,85,74
45,86,5
45,87,30
45,88,90
45,89,85
45,90,84
45,91,17
45,92,25
45,93,87
45,94,28
45,95,2
45,96,53
45,97,100
45,98,29
45,99,69
46,0,10
46,1,45
46,2,100
46,3,5
46,4,98
46,5,17
46,6,26
46,7,72
46,8,84
46,9,84
46,10,10
46,11,33
46,12,41
46,13,42
46,14,11
46,15,25
46,16,85
46,17,86
46,18,76
46,19,38
46,20,44
46,21,52
46,22,80
46,23,86
46,24,57
46,25,9
46,26,100
46,27,80
46,28,12
46,29,1
46,30,16
46,31,70
46,32,22
46,33,34
46,34,75
46,35,44
46,36,54
46,37,85
46,38,63
46,39,95
46,40,79
46,41,74
46,42,2
46,43,23
46,44,76
46,45,31
46,46,65535
46,47,69
46,48,36
46,49,82
46,50,36
46,51,27
46,52,94
46,53,50
46,54,58
46,55,22
46,56,7
46,57,58
46,58,96
46,59,53
46,60,23
46,61,9
46,62,54
46,63,53
46,64,29
46,65,62
46,66,56
46,67,3
46,68,22
46,69,70
46,70,16
46,71,7
46,72,7
46,73,63
46,74,28
46,75,30
46,76,25
46,77,10
46,78,54
46,79,40
46,80,60
46,81,91
46,82,58
46,83,62
46,84,19
46,85,100
46,86,43
46,87,43
46,88,69
46,89,80
46,90,24
46,91,64
46,92,66
46,93,7
46,94,71
46,95,77
46,96,85
46,97,55
46,98,19
46,99,79
47,0,30
47,1,68
47,2,35
47,3,15
47,4,52
47,5,96
47,6,20
47,7,1
47,8,99
47,9,88
47,10,98
47,11,64
47,12,24
47,13,82
47,14,3
47,15,7
47,16,11
47,17,100
47,18,52
47,19,5
47,20,46
47,21,57
47,22,66
47,23,48
47,24,65
47,25,97
47,26,94
47,27,5
47,28,88
47,29,89
47,30,61
47,31,26
47,32,85
47,33,91
47,34,81
47,35,41
47,36,65
47,37,14
47,38,43
47,39,89
47,40,65
47,41,4
47,42,66
47,43,50
47,44,1
47,45,67
47,46,84
47,47,65535
47,48,11
47,49,19
47,50,13
47,51,74
47,52,7
47,53,25
47,54,39
47,55,75
47,56,43
47,57,91
47,58,6
47,59,93
47,60,21
47,61,48
47,62,92
47,63,85
47,64,50
47,65,30
47,66,36
47,67,41
47,68,22
47,69,74
47,70,44
47,71,44
47,72,46
47,73,14
47,74,52
47,75,36
47,76,25
47,77,61
47,78,64
47,79,61
47,80,98
47,81,7
47,82,39
47,83,52
47,84,54
47,85,22
47,86,96
47,87,32
47,88,47
47,89,48
47,90,22
47,91,80
47,92,53
47,93,18
47,94,52
47,95,47
47,96,100
47,97,60
47,98,43
47,99,42
48,0,55
48,1,60
48,2,38
48,3,14
48,4,89
48,5,45
48,6,46
48,7,86
48,8,100
48,9,10
48,10,96
48,11,20
48,12,20
48,13,19
48,14,1
48,15,17
48,16,22
48,17,23
48,18,11
48,19,44
48,20,75
48,21,97
48,22,25
48,23,52
48,24,79
48,25,46
48,26,45
48,27,94
48,28,65
48,29,11
48,30,41
48,31,82
48,32,42
48,33,32
48,34,11
48,35,42
48,36,77
48,37,51
48,38,7
48,39,20
48,40,18
48,41,71
48,42,23
48,43,36
48,44,53
48,45,52
48,46,60
48,47,88
48,48,65535
48,49,38
48,50,22
48,51,81
48,52,73
48,53,33
48,54,13
48,55,66
48,56,74
48,57,7
48,58,64
48,59,38
48,60,5
48,61,57
48,62,17
48,63,64
48,64,50
48,65,57
48,66,53
48,67,73
48,68,61
48,69,43
48,70,2
48,71,3
48,72,8
48,73,70
48,74,41
48,75,65
48,76,70
48,77,71
48,78,100
48,79,24
48,80,32
48,81,68
48,82,80
48,83,57
48,84,68
48,85,73
48,86,12
48,87,63
48,88,15
48,89,50
48,90,66
48,91,52
48,92,44
48,93,54
48,94,92
48,95,67
48,96,23
48,97,97
48,98,3
48,99,43
49,0,87
49,1,23
49,2,45
49,3,17
49,4,81
49,5,100
49,6,74
49,7,44
49,8,60
49,9,61
49,10,36
49,11,46
49,12,40
49,13,61
49,14,7
49,15,100
49,16,49
49,17,93
49,18,77
49,19,11
49,20,32
49,21,85
49,22,60
49,23,43
49,24,74
49,25,47
49,26,40
49,27,79
49,28,8
49,29,54
49,30,21
49,31,71
49,32,69
49,33,10
49,34,72
49,35,21
49,36,9
49,37,32
49,38,56
49,39,17
49,40,58
49,41,81
49,42,60
49,43,97
49,44,13
49,45,73
49,46,100
49,47,14
49,48,23
49,49,65535
49,50,2
49,51,15
49,52,86
49,53,32
49,54,46
49,55,90
49,56,73
49,57,87
49,58,15
49,59,57
49,60,16
49,61,64
49,62,25
49,63,62
49,64,92
49,65,14
49,66,9
49,67,11
49,68,34
49,69,38
49,70,53
49,71,57
49,72,58
49,73,83
49,74,53
49,75,62
49,76,1
49,77,8
49,78,69
49,79,85
49,80,6
49,81,75
49,82,7
49,83,39
49,84,53
49,85,32
49,86,47
49,87,43
49,88,30
49,89,100
49,90,81
49,91,55
49,92,19
49,93,44
49,94,4
49,95,62
49,96,83
49,97,13
49,98,77
49,99,83
50,0,88
50,1,88
50,2,58
50,3,99
50,4,4
50,5,51
50,6,30
50,7,26
50,8,94
50,9,58
50,10,83
50,11,78
50,12,17
50,13,30
50,14,80
50,15,15
50,16,100
50,17,95
50,18,54
50,19,49
50,20,100
50,21,100
50,22,99
50,23,91
50,24,58
50,25,53
50,26,86
50,27,94
50,28,73
50,29,12
50,30,10
50,31,7
50,32,89
50,33,21
50,34,20
50,35,100
50,36,52
50,37,90
50,38,92
50,39,48
50,40,71
50,41,59
50,42,66
50,43,96
50,44,16
50,45,64
50,46,90
50,47,68
50,48,67
50,49,1
50,50,65535
50,51,100
50,52,60
50,53,51
50,54,21
50,55,22
50,56,38
50,57,42
50,58,22
50,59,64
50,60,45
50,61,91
50,62,80
50,63,67
50,64,22
50,65,10
50,66,20
50,67,7
50,68,6
50,69,65
50,70,43
50,71,28
50,72,72
50,73,37
50,74,73
50,75,75
50,76,39
50,77,55
50,78,13
50,79,4
50,80,3
50,81,35
50,82,94
50,83,25
50,84,24
50,85,85
50,86,94
50,87,82
50,88,84
50,89,97
50,90,31
50,91,28
50,92,2
50,93,28
50,94,81
50,95,56
50,96,18
50,97,8
50,98,93
50,99,70
51,0,51
51,1,21
51,2,61
51,3,71
51,4,87
51,5,29
51,6,74
51,7,29
51,8,41
51,9,78
51,10,84
51,11,14
51,12,61
51,13,65
51,14,66
51,15,45
51,16,64
51,17,64
51,18,23
51,19,50
51,20,14
51,21,7
51,22,27
51,23,80
51,24,22
51,25,27
51,26,56
51,27,66
51,28,88
51,29,31
51,30,52
51,31,7
51,32,53
51,33,37
51,34,51
51,35,44
51,36,47
51,37,97
51,38,46
51,39,69
51,40,61
51,41,6
51,42,18
51,43,100
51,44,20
51,45,84
51,46,91
51,47,37
51,48,3
51,49,83
51,50,81
51,51,65535
51,52,23
51,53,84
51,54,62
51,55,74
51,56,84
51,57,61
51,58,70
51,59,73
51,60,4
51,61,38
51,62,67
51,63,94
51,64,85
51,65,21
51,66,86
51,67,81
51,68,97
51,69,6
51,70,28
51,71,86
51,72,50
51,73,50
51,74,31
51,75,66
51,76,86
51,77,39
51,78,95
51,79,27
51,80,74
51,81,18
51,82,53
51,83,82
51,84,62
51,85,5
51,86,69
51,87,16
51,88,3
51,89,39
51,90,98
51,91,1
51,92,5
51,93,31
51,94,57
51,95,22
51,96,41
51,97,44
51,98,54
51,99,21
52,0,77
52,1,92
52,2,45
52,3,27
52,4,57
52,5,73
52,6,44
52,7,49
52,8,32
52,9,6
52,10,71
52,11,19
52,12,29
52,13,76
52,14,24
52,15,61
52,16,25
52,17,63
52,18,78
52,19,9
52,20,89
52,21,1
52,22,53
52,23,100
52,24,25
52,25,77
52,26,30
52,27,51
52,28,57
52,29,82
52,30,77
52,31,56
52,32,93
52,33,77
52,34,93
52,35,15
52,36,88
52,37,10
52,38,35
52,39,73
52,40,76
52,41,25
52,42,91
52,43,15
52,44,38
52,45,57
52,46,56
52,47,74
52,48,86
52,49,64
52,50,60
52,51,85
52,52,65535
52,53,70
52,54,28
52,55,62
52,56,51
52,57,43
52,58,28
52,59,18
52,60,20
52,61,21
52,62,11
52,63,81
52,64,82
52,65,81
52,66,72
52,67,77
52,68,82
52,69,43
52,70,58
52,71,99
52,72,49
52,73,34
52,74,31
52,75,21
52,76,37
52,77,8
52,78,45
52,79,90
52,80,53
52,81,17
52,82,61
52,83,24
52,84,2
52,85,83
52,86,77
52,87,32
52,88,96
52,89,48
52,90,17
52,91,63
52,92,45
52,93,84
52,94,81
52,95,9
52,96,80
52,97,94
52,98,16
52,99,4
53,0,90
53,1,10
53,2,59
53,3,68
53,4,70
53,5,25
53,6,19
53,7,26
53,8,91
53,9,5
53,10,65
53,11,3
53,12,29
53,13,39
53,14,18
53,15,70
53,16,9
53,17,55
53,18,2
53,19,35
53,20,75
53,21,82
53,22,78
53,23,67
53,24,90
53,25,23
53,26,32
53,27,35
53,28,14
53,29,60
53,30,49
53,31,61
53,32,75
53,33,98
53,34,84
53,35,71
53,36,86
53,37,90
53,38,17
53,39,48
53,40,27
53,41,41
53,42,69
53,43,79
53,44,7
53,45,64
53,46,70
53,47,3
53,48,84
53,49,88
53,50,53
53,51,9
53,52,12
53,53,65535
53,54,90
53,55,55
53,56,69
53,57,57
53,58,50
53,59,1
53,60,52
53,61,10
53,62,30
53,63,53
53,64,65
53,65,55
53,66,17
53,67,19
53,68,80
53,69,49
53,70,93
53,71,95
53,72,3
53,73,55
53,74,93
53,75,77
53,76,94
53,77,80
53,78,41
53,79,11
53,80,58
53,81,5
53,82,76
53,83,65
53,84,61
53,85,58
53,86,15
53,87,66
53,88,55
53,89,16
53,90,91
53,91,83
53,92,35
53,93,98
53,94,76
53,95,21
53,96,34
53,97,16
53,98,81
53,99,37
54,0,44
54,1,98
54,2,77
54,3,67
54,4,35
54,5,10
54,6,43
54,7,44
54,8,73
54,9,43
54,10,46
54,11,21
54,12,72
54,13,5
54,14,73
54,15,86
54,16,48
54,17,40
54,18,7
54,19,51
54,20,17
54,21,74
54,22,100
54,23,2
54,24,54
54,25,41
54,26,61
54,27,86
54,28,48
54,29,38
54,30,89
54,31,82
54,32,97
54,33,1
54,34,50
54,35,55
54,36,72
54,37,4
54,38,24
54,39,70
54,40,69
54,41,49
54,42,64
54,43,18
54,44,32
54,45,86
54,46,98
54,47,17
54,48,16
54,49,16
54,50,40
54,51,90
54,52,47
54,53,43
54,54,65535
54,55,65
54,56,54
54,57,30
54,58,50
54,59,32
54,60,27
54,61,60
54,62,58
54,63,42
54,64,31
54,65,63
54,66,74
54,67,7
54,68,79
54,69,13
54,70,84
54,71,91
54,72,26
54,73,63
54,74,13
54,75,97
54,76,21
54,77,23
54,78,57
54,79,52
54,80,59
54,81,89
54,82,91
54,83,86
54,84,62
54,85,51
54,86,62
54,87,28
54,88,54
54,89,78
54,90,67
54,91,64
54,92,95
54,93,98
54,94,65
54,95,12
54,96,6
54,97,84
54,98,63
54,99,23
55,0,61
55,1,27
55,2,74
55,3,58
55,4,40
55,5,73
55,6,77
55,7,91
55,8,19
55,9,77
55,10,33
55,11,82
55,12,68
55,13,29
55,14,6
55,15,32
55,16,51
55,17,64
55,18,21
55,19,35
55,20,93
55,21,87
55,22,1
55,23,50
55,24,99
55,25,55
55,26,87
55,27,13
55,28,90
55,29,26
55,30,72
55,31,18
55,32,45
55,33,70
55,34,99
55,35,93
55,36,75
55,37,1
55,38,47
55,39,4
55,40,20
55,41,1
55,42,17
55,43,80
55,44,21
55,45,55
55,46,65
55,47,83
55,48,88
55,49,9
55,50,10
55,51,85
55,52,67
55,53,76
55,54,85
55,55,65535
55,56,46
55,57,15
55,58,46
55,59,95
55,60,97
55,61,63
55,62,11
55,63,52
55,64,21
55,65,74
55,66,55
55,67,36
55,68,21
55,69,43
55,70,56
55,71,86
55,72,88
55,73,98
55,74,60
55,75,23
55,76,45
55,77,95
55,78,40
55,79,48
55,80,56
55,81,32
55,82,94
55,83,87
55,84,10
55,85,24
55,86,7
55,87,56
55,88,48
55,89,34
55,90,42
55,91,57
55,92,84
55,93,80
55,94,12
55,95,37
55,96,13
55,97,87
55,98,6
55,99,92
56,0,21
56,1,3
56,2,24
56,3,37
56,4,26
56,5,74
56,6,88
56,7,71
56,8,80
56,9,61
56,10,51
56,11,60
56,12,39
56,13,100
56,14,76
56,15,32
56,16,15
56,17,24
56,18,42
56,19,57
56,20,99
56,21,51
56,22,7
56,23,13
56,24,98
56,25,24
56,26,38
56,27,60
56,28,90
56,29,5
56,30,92
56,31,91
56,32,25
56,33,70
56,34,95
56,35,47
56,36,73
56,37,80
56,38,59
56,39,88
56,40,95
56,41,6
56,42,80
56,43,22
56,44,94
56,45,81
56,46,14
56,47,20
56,48,64
56,49,56
56,50,50
56,51,14
56,52,55
56,53,9
56,54,18
56,55,66
56,56,65535
56,57,58
56,58,84
56,59,79
56,60,7
56,61,8
56,62,14
56,63,56
56,64,18
56,65,11
56,66,68
56,67,89
56,68,88
56,69,51
56,70,38
56,71,47
56,72,30
56,73,11
56,74,48
56,75,18
56,76,3
56,77,47
56,78,11
56,79,91
56,80,56
56,81,29
56,82,37
56,83,14
56,84,99
56,85,89
56,86,67
56,87,28
56,88,7
56,89,31
56,90,28
56,91,95
56,92,55
56,93,82
56,94,31
56,95,44
56,96,53
56,97,47
56,98,95
56,99,97
57,0,71
57,1,68
57,2,64
57,3,97
57,4,57
57,5,64
57,6,34
57,7,54
57,8,31
57,9,10
57,10,98
57,11,65
57,12,88
57,13,21
57,14,39
57,15,10
57,16,68
57,17,57
57,18,42
57,19,71
57,20,10
57,21,4
57,22,6
57,23,9
57,24,64
57,25,29
57,26,46
57,27,86
57,28,65
57,29,51
57,30,5
57,31,14
57,32,63
57,33,29
57,34,99
57,35,40
57,36,3
57,37,83
57,38,23
57,39,91
57,40,83
57,41,92
57,42,12
57,43,59
57,44,27
57,45,75
57,46,26
57,47,77
57,48,79
57,49,30
57,50,69
57,51,22
57,52,55
57,53,46
57,54,79
57,55,53
57,56,74
57,57,65535
57,58,2
57,59,68
57,60,35
57,61,63
57,62,76
57,63,50
57,64,42
57,65,42
57,66,75
57,67,93
57,68,15
57,69,20
57,70,98
57,71,17
57,72,9
57,73,41
57,74,65
57,75,37
57,76,19
57,77,24
57,78,86
57,79,66
57,80,77
57,81,31
57,82,57
57,83,40
57,84,78
57,85,6
57,86,60
57,87,32
57,88,76
57,89,53
57,90,36
57,91,8
57,92,21
57,93,9
57,94,15
57,95,42
57,96,62
57,97,23
57,98,80
57,99,64
58,0,73
58,1,89
58,2,18
58,3,84
58,4,87
58,5,32
58,6,25
58,7,76
58,8,85
58,9,58
58,10,35
58,11,55
58,12,80
58,13,97
58,14,34
58,15,45
58,16,25
58,17,62
58,18,17
58,19,64
58,20,78
58,21,4
58,22,97
58,23,65
58,24,83
58,25,88
58,26,88
58,27,44
58,28,82
58,29,24
58,30,40
58,31,81
58,32,76
58,33,16
58,34,35
58,35,30
58,36,51
58,37,44
58,38,3
58,39,10
58,40,65
58,41,21
58,42,77
58,43,16
58,44,52
58,45,50
58,46,3
58,47,41
58,48,43
58,49,100
58,50,2
58,51,98
58,52,1
58,53,66
58,54,87
58,55,25
58,56,39
58,57,69
58,58,65535
58,59,68
58,60,13
58,61,80
58,62,1
58,63,37
58,64,44
58,65,19
58,66,6
58,67,84
58,68,68
58,69,14
58,70,11
58,71,35
58,72,86
58,73,74
58,74,23
58,75,57
58,76,7
58,77,85
58,78,71
58,79,51
58,80,83
58,81,84
58,82,12
58,83,43
58,84,46
58,85,58
58,86,16
58,87,12
58,88,38
58,89,76
58,90,32
58,91,52
58,92,39
58,93,90
58,94,36
58,95,70
58,96,68
58,97,59
58,98,5
58,99,72
59,0,68
59,1,46
59,2,95
59,3,18
59,4,49
59,5,39
59,6,22
59,7,29
59,8,2
59,9,31
59,10,35
59,11,58
59,12,59
59,13,95
59,14,46
59,15,41
59,16,64
59,17,16
59,18,74
59,19,35
59,20,17
59,21,28
59,22,64
59,23,50
59,24,26
59,25,6
59,26,63
59,27,90
59,28,74
59,29,55
59,30,21
59,31,77
59,32,23
59,33,5
59,34,6
59,35,86
59,36,90
59,37,36
59,38,67
59,39,39
59,40,53
59,41,76
59,42,12
59,43,83
59,44,55
59,45,40
59,46,85
59,47,38
59,48,48
59,49,80
59,50,38
59,51,59
59,52,2
59,53,2
59,54,20
59,55,44
59,56,1
59,57,80
59,58,52
59,59,65535
59,60,74
59,61,67
59,62,83
59,63,56
59,64,90
59,65,46
59,66,25
59,67,95
59,68,82
59,69,15
59,70,24
59,71,39
59,72,95
59,73,74
59,74,63
59,75,34
59,76,89
59,77,50
59,78,56
59,79,71
59,80,71
59,81,66
59,82,37
59,83,79
59,84,51
59,85,46
59,86,70
59,87,77
59,88,58
59,89,97
59,90,18
59,91,69
59,92,82
59,93,7
59,94,44
59,95,4
59,96,1
59,97,70
59,98,93
59,99,17
60,0,46
60,1,1
60,2,90
60,3,2
60,4,8
60,5,98
60,6,7
60,7,29
60,8,41
60,9,83
60,10,92
60,11,52
60,12,8
60,13,7
60,14,88
60,15,8
60,16,97
60,17,11
60,18,59
60,19,46
60,20,62
60,21,74
60,22,34
60,23,92
60,24,9
60,25,6
60,26,78
60,27,76
60,28,92
60,29,40
60,30,36
60,31,37
60,32,9
60,33,65
60,34,91
60,35,11
60,36,92
60,37,10
60,38,45
60,39,77
60,40,87
60,41,67
60,42,82
60,43,38
60,44,6
60,45,47
60,46,71
60,47,15
60,48,81
60,49,66
60,50,26
60,51,5
60,52,96
60,53,43
60,54,5
60,55,82
60,56,10
60,57,48
60,58,80
60,59,9
60,60,65535
60,61,81
60,62,6
60,63,77
60,64,60
60,65,52
60,66,96
60,67,8
60,68,23
60,69,69
60,70,49
60,71,22
60,72,54
60,73,63
60,74,66
60,75,64
60,76,91
60,77,49
60,78,53
60,79,69
60,80,92
60,81,69
60,82,85
60,83,86
60,84,68
60,85,72
60,86,80
60,87,83
60,88,3
60,89,79
60,90,79
60,91,17
60,92,83
60,93,4
60,94,10
60,95,96
60,96,21
60,97,63
60,98,99
60,99,90
61,0,8
61,1,78
61,2,30
61,3,73
61,4,61
61,5,64
61,6,88
61,7,49
61,8,90
61,9,65
61,10,88
61,11,1
61,12,19
61,13,30
61,14,65
61,15,86
61,16,68
61,17,47
61,18,74
61,19,92
61,20,10
61,21,31
61,22,93
61,23,30
61,24,61
61,25,53
61,26,44
61,27,16
61,28,56
61,29,65
61,30,5
61,31,55
61,32,43
61,33,14
61,34,52
61,35,21
61,36,62
61,37,16
61,38,24
61,39,7
61,40,24
61,41,10
61,42,22
61,43,100
61,44,24
61,45,13
61,46,28
61,47,77
61,48,30
61,49,37
61,50,72
61,51,48
61,52,20
61,53,43
61,54,72
61,55,78
61,56,32
61,57,70
61,58,16
61,59,37
61,60,80
61,61,65535
61,62,55
61,63,58
61,64,52
61,65,38
61,66,74
61,67,16
61,68,92
61,69,17
61,70,18
61,71,89
61,72,18
61,73,61
61,74,61
61,75,20
61,76,34
61,77,90
61,78,88
61,79,43
61,80,14
61,81,66
61,82,88
61,83,61
61,84,100
61,85,95
61,86,26
61,87,5
61,88,3
61,89,50
61,90,41
61,91,58
61,92,36
61,93,89
61,94,40
61,95,95
61,96,22
61,97,46
61,98,41
61,99,32
62,0,32
62,1,94
62,2,13
62,3,11
62,4,83
62,5,76
62,6,100
62,7,72
62,8,30
62,9,65
62,10,81
62,11,29
62,12,64
62,13,50
62,14,38
62,15,54
62,16,75
62,17,57
62,18,95
62,19,35
62,20,32
62,21,31
62,22,31
62,23,23
62,24,7
62,25,39
62,26,37
62,27,55
62,28,97
62,29,35
62,30,37
62,31,7
62,32,100
62,33,73
62,34,43
62,35,36
62,36,67
62,37,13
62,38,99
62,39,99
62,40,23
62,41,88
62,42,38
62,43,53
62,44,99
62,45,63
62,46,46
62,47,61
62,48,3
62,49,75
62,50,70
62,51,13
62,52,42
62,53,82
62,54,44
62,55,4
62,56,80
62,57,41
62,58,89
62,59,19
62,60,83
62,61,78
62,62,65535
62,63,27
62,64,92
62,65,28
62,66,86
62,67,13
62,68,90
62,69,31
62,70,39
62,71,37
62,72,26
62,73,25
62,74,36
62,75,24
62,76,51
62,77,8
62,78,80
62,79,91
62,80,16
62,81,77
62,82,15
62,83,81
62,84,75
62,85,15
62,86,18
62,87,19
62,88,54
62,89,5
62,90,7
62,91,13
62,92,31
62,93,64
62,94,4
62,95,18
62,96,38
62,97,47
62,98,69
62,99,85
63,0,2
63,1,28
63,2,29
63,3,70
63,4,96
63,5,38
63,6,26
63,7,32
63,8,32
63,9,100
63,10,84
63,11,93
63,12,40
63,13,99
63,14,75
63,15,68
63,16,91
63,17,71
63,18,10
63,19,21
63,20,94
63,21,65
63,22,83
63,23,20
63,24,33
63,25,73
63,26,26
63,27,20
63,28,21
63,29,54
63,30,41
63,31,12
63,32,94
63,33,28
63,34,38
63,35,58
63,36,22
63,37,12
63,38,68
63,39,78
63,40,35
63,41,80
63,42,52
63,43,42
63,44,47
63,45,69
63,46,93
63,47,1
63,48,59
63,49,50
63,50,97
63,51,55
63,52,12
63,53,53
63,54,74
63,55,14
63,56,76
63,57,1
63,58,86
63,59,9
63,60,30
63,61,49
63,62,51
63,63,65535
63,64,29
63,65,93
63,66,77
63,67,45
63,68,84
63,69,83
63,70,11
63,71,47
63,72,77
63,73,49
63,74,33
63,75,27
63,76,21
63,77,11
63,78,72
63,79,75
63,80,54
63,81,95
63,82,47
63,83,46
63,84,8
63,85,73
63,86,82
63,87,52
63,88,96
63,89,84
63,90,14
63,91,49
63,92,87
63,93,7
63,94,60
63,95,31
63,96,29
63,97,51
63,98,55
63,99,8
64,0,95
64,1,65
64,2,25
64,3,62
64,4,84
64,5,50
64,6,91
64,7,6
64,8,39
64,9,84
64,10,97
64,11,13
64,12,59
64,13,85
64,14,89
64,15,45
64,16,13
64,17,4
64,18,11
64,19,40
64,20,53
64,21,65
64,22,29
64,23,57
64,24,31
64,25,21
64,26,14
64,27,34
64,28,1
64,29,99
64,30,94
64,31,38
64,32,46
64,33,30
64,34,63
64,35,74
64,36,27
64,37,2
64,38,42
64,39,63
64,40,74
64,41,46
64,42,51
64,43,70
64,44,50
64,45,83
64,46,50
64,47,67
64,48,42
64,49,86
64,50,71
64,51,43
64,52,33
64,53,95
64,54,23
64,55,49
64,56,61
64,57,17
64,58,92
64,59,55
64,60,54
64,61,86
64,62,74
64,63,46
64,64,65535
64,65,34
64,66,70
64,67,18
64,68,98
64,69,39
64,70,99
64,71,44
64,72,94
64,73,61
64,74,10
64,75,33
64,76,37
64,77,99
64,78,78
64,79,76
64,80,35
64,81,1
64,82,68
64,83,65
64,84,21
64,85,30
64,86,64
64,87,89
64,88,97
64,89,1
64,90,59
64,91,22
64,92,81
64,93,71
64,94,13
64,95,90
64,96,53
64,97,85
64,98,10
64,99,47
65,0,30
65,1,8
65,2,28
65,3,97
65,4,99
65,5,53
65,6,29
65,7,55
65,8,91
65,9,79
65,10,66
65,11,19
65,12,73
65,13,100
65,14,23
65,15,99
65,16,71
65,17,44
65,18,86
65,19,7
65,20,42
65,21,71
65,22,81
65,23,91
65,24,26
65,25,29
65,26,55
65,27,18
65,28,55
65,29,32
65,30,85
65,31,92
65,32,4
65,33,53
65,34,2
65,35,42
65,36,48
65,37,31
65,38,43
65,39,7
65,40,94
65,41,16
65,42,27
65,43,18
65,44,70
65,45,88
65,46,38
65,47,21
65,48,98
65,49,68
65,50,76
65,51,77
65,52,24
65,53,26
65,54,28
65,55,43
65,56,17
65,57,7
65,58,74
65,59,74
65,60,94
65,61,88
65,62,95
65,63,37
65,64,76
65,65,65535
65,66,36
65,67,17
65,68,43
65,69,31
65,70,69
65,71,28
65,72,97
65,73,45
65,74,68
65,75,76
65,76,89
65,77,11
65,78,75
65,79,38
65,80,56
65,81,74
65,82,31
65,83,51
65,84,69
65,85,54
65,86,13
65,87,76
65,88,6
65,89,23
65,90,13
65,91,12
65,92,5
65,93,43
65,94,36
65,95,7
65,96,65
65,97,35
65,98,64
65,99,15
66,0,70
66,1,34
66,2,51
66,3,99
66,4,17
66,5,19
66,6,66
66,7,16
66,8,14
66,9,53
66,10,57
66,11,99
66,12,96
66,13,44
66,14,50
66,15,25
66,16,80
66,17,18
66,18,47
66,19,62
66,20,7
66,21,69
66,22,8
66,23,55
66,24,24
66,25,62
66,26,10
66,27,61
66,28,47
66,29,99
66,30,77
66,31,80
66,32,74
66,33,15
66,34,19
66,35,39
66,36,6
66,37,93
66,38,87
66,39,13
66,40,5
66,41,55
66,42,35
66,43,52
66,44,65
66,45,6
66,46,65
66,47,22
66,48,7
66,49,87
66,50,16
66,51,79
66,52,90
66,53,70
66,54,60
66,55,63
66,56,32
66,57,60
66,58,69
66,59,13
66,60,34
66,61,60
66,62,24
66,63,19
66,64,80
66,65,70
66,66,65535
66,67,42
66,68,86
66,69,71
66,70,19
66,71,28
66,72,84
66,73,88
66,74,17
66,75,66
66,76,9
66,77,95
66,78,18
66,79,2
66,80,95
66,81,65
66,82,38
66,83,44
66,84,95
66,85,29
66,86,93
66,87,74
66,88,27
66,89,62
66,90,53
66,91,65
66,92,19
66,93,59
66,94,33
66,95,79
66,96,28
66,97,4
66,98,95
66,99,16
67,0,68
67,1,92
67,2,5
67,3,85
67,4,38
67,5,3
67,6,81
67,7,9
67,8,84
67,9,53
67,10,30
67,11,3
67,12,40
67,13,8
67,14,9
67,15,68
67,16,37
67,17,31
67,18,99
67,19,27
67,20,73
67,21,39
67,22,41
67,23,40
67,24,79
67,25,50
67,26,68
67,27,85
67,28,52
67,29,59
67,30,21
67,31,6
67,32,77
67,33,51
67,34,78
67,35,78
67,36,75
67,37,92
67,38,25
67,39,53
67,40,81
67,41,77
67,42,3
67,43,37
67,44,68
67,45,98
67,46,95
67,47,91
67,48,65
67,49,93
67,50,16
67,51,61
67,52,48
67,53,97
67,54,67
67,55,69
67,56,21
67,57,19
67,58,7
67,59,53
67,60,87
67,61,10
67,62,83
67,63,53
67,64,82
67,65,84
67,66,69
67,67,65535
67,68,25
67,69,47
67,70,92
67,71,26
67,72,36
67,73,12
67,74,84
67,75,88
67,76,48
67,77,38
67,78,17
67,79,48
67,80,76
67,81,43
67,82,9
67,83,48
67,84,5
67,85,93
67,86,30
67,87,31
67,88,58
67,89,94
67,90,1
67,91,75
67,92,40
67,93,85
67,94,49
67,95,93
67,96,67
67,97,32
67,98,11
67,99,5
68,0,50
68,1,94
68,2,36
68,3,20
68,4,19
68,5,41
68,6,58
68,7,96
68,8,97
68,9,2
68,10,54
68,11,64
68,12,63
68,13,1
68,14,71
68,15,19
68,16,91
68,17,80
68,18,11
68,19,100
68,20,35
68,21,52
68,22,9
68,23,65
68,24,60
68,25,17
68,26,65
68,27,70
68,28,99
68,29,21
68,30,50
68,31,96
68,32,10
68,33,52
68,34,45
68,35,51
68,36,83
68,37,81
68,38,9
68,39,47
68,40,83
68,41,61
68,42,100
68,43,15
68,44,91
68,45,83
68,46,80
68,47,81
68,48,96
68,49,21
68,50,53
68,51,64
68,52,93
68,53,91
68,54,9
68,55,98
68,56,28
68,57,55
68,58,6
68,59,93
68,60,50
68,61,57
68,62,77
68,63,19
68,64,66
68,65,68
68,66,47
68,67,33
68,68,65535
68,69,75
68,70,60
68,71,52
68,72,85
68,73,15
68,74,25
68,75,84
68,76,83
68,77,6
68,78,89
68,79,11
68,80,34
68,81,31
68,82,19
68,83,68
68,84,16
68,85,31
68,86,52
68,87,20
68,88,53
68,89,69
68,90,66
68,91,82
68,92,8
68,93,68
68,94,68
68,95,17
68,96,87
68,97,51
68,98,51
68,99,27
69,0,6
69,1,80
69,2,8
69,3,32
69,4,14
69,5,57
69,6,49
69,7,80
69,8,59
69,9,50
69,10,24
69,11,74
69,12,77
69,13,71
69,14,64
69,15,11
69,16,88
69,17,2
69,18,45
69,19,82
69,20,35
69,21,87
69,22,21
69,23,49
69,24,83
69,25,39
69,26,48
69,27,93
69,28,98
69,29,73
69,30,93
69,31,18
69,32,58
69,33,83
69,34,8
69,35,51
69,36,60
69,37,66
69,38,37
69,39,28
69,40,93
69,41,7
69,42,15
69,43,63
69,44,21
69,45,68
69,46,81
69,47,85
69,48,86
69,49,56
69,50,77
69,51,82
69,52,8
69,53,83
69,54,15
69,55,22
69,56,58
69,57,40
69,58,48
69,59,88
69,60,70
69,61,49
69,62,73
69,63,80
69,64,39
69,65,96
69,66,71
69,67,100
69,68,80
69,69,65535
69,70,74
69,71,30
69,72,37
69,73,49
69,74,34
69,75,13
69,76,5
69,77,100
69,78,13
69,79,24
69,80,12
69,81,100
69,82,82
69,83,89
69,84,61
69,85,25
69,86,60
69,87,95
69,88,15
69,89,35
69,90,80
69,91,68
69,92,14
69,93,79
69,94,5
69,95,81
69,96,43
69,97,3
69,98,16
69,99,43
70,0,89
70,1,57
70,2,47
70,3,98
70,4,49
70,5,69
70,6,70
70,7,15
70,8,91
70,9,10
70,10,99
70,11,63
70,12,22
70,13,82
70,14,41
70,15,95
70,16,85
70,17,78
70,18,77
70,19,35
70,20,48
70,21,70
70,22,62
70,23,90
70,24,91
70,25,89
70,26,6
70,27,99
70,28,40
70,29,72
70,30,55
70,31,64
70,32,65
70,33,53
70,34,21
70,35,79
70,36,60
70,37,94
70,38,15
70,39,92
70,40,93
70,41,31
70,42,71
70,43,1
70,44,37
70,45,23
70,46,34
70,47,88
70,48,96
70,49,34
70,50,93
70,51,12
70,52,27
70,53,62
70,54,54
70,55,86
70,56,59
70,57,88
70,58,35
70,59,89
70,60,91
70,61,23
70,62,38
70,63,83
70,64,84
70,65,50
70,66,98
70,67,4
70,68,53
70,69,71
70,70,65535
70,71,32
70,72,95
70,73,66
70,74,81
70,75,47
70,76,70
70,77,99
70,78,34
70,79,51
70,80,55
70,81,71
70,82,92
70,83,24
70,84,77
70,85,84
70,86,60
70,87,91
70,88,1
70,89,34
70,90,44
70,91,91
70,92,13
70,93,4
70,94,46
70,95,22
70,96,1
70,97,28
70,98,96
70,99,40
71,0,6
71,1,1
71,2,37
71,3,77
71,4,32
71,5,65
71,6,20
71,7,6
71,8,92
71,9,18
71,10,94
71,11,24
71,12,35
71,13,84
71,14,64
71,15,51
71,16,26
71,17,1
71,18,49
71,19,13
71,20,2
71,21,73
71,22,89
71,23,23
71,24,75
71,25,72
71,26,65
71,27,15
71,28,45
71,29,27
71,30,96
71,31,71
71,32,48
71,33,41
71,34,58
71,35,56
71,36,34
71,37,32
71,38,78
71,39,92
71,40,80
71,41,91
71,42,98
71,43,81
71,44,57
71,45,4
71,46,88
71,47,22
71,48,9
71,49,39
71,50,75
71,51,29
71,52,30
71,53,32
71,54,68
71,55,57
71,56,58
71,57,40
71,58,22
71,59,100
71,60,13
71,61,78
71,62,64
71,63,57
71,64,47
71,65,91
71,66,96
71,67,8
71,68,94
71,69,17
71,70,52
71,71,65535
71,72,33
71,73,55
71,74,29
71,75,47
71,76,23
71,77,94
71,78,26
71,79,92
71,80,57
71,81,54
71,82,35
71,83,14
71,84,43
71,85,16
71,86,29
71,87,29
71,88,9
71,89,87
71,90,30
71,91,72
71,92,56
71,93,27
71,94,72
71,95,6
71,96,94
71,97,46
71,98,14
71,99,21
72,0,15
72,1,38
72,2,34
72,3,10
72,4,97
72,5,53
72,6,59
72,7,12
72,8,8
72,9,76
72,10,85
72,11,88
72,12,68
72,13,74
72,14,54
72,15,72
72,16,59
72,17,7
72,18,16
72,19,34
72,20,53
72,21,98
72,22,67
72,23,17
72,24,31
72,25,57
72,26,66
72,27,35
72,28,85
72,29,27
72,30,62
72,31,58
72,32,97
72,33,85
72,34,76
72,35,12
72,36,55
72,37,74
72,38,81
72,39,11
72,40,52
72,41,71
72,42,14
72,43,58
72,44,21
72,45,82
72,46,61
72,47,70
72,48,55
72,49,89
72,50,25
72,51,92
72,52,75
72,53,8
72,54,28
72,55,72
72,56,58
72,57,16
72,58,29
72,59,39
72,60,15
72,61,71
72,62,42
72,63,88
72,64,38
72,65,85
72,66,26
72,67,40
72,68,87
72,69,90
72,70,9
72,71,39
72,72,65535
72,73,51
72,74,6
72,75,71
72,76,99
72,77,1
72,78,76
72,79,92
72,80,94
72,81,14
72,82,25
72,83,86
72,84,7
72,85,28
72,86,67
72,87,76
72,88,3
72,89,40
72,90,45
72,91,25
72,92,69
72,93,61
72,94,5
72,95,61
72,96,19
72,97,70
72,98,4
72,99,50
73,0,61
73,1,23
73,2,53
73,3,84
73,4,48
73,5,10
73,6,8
73,7,83
73,8,50
73,9,50
73,10,85
73,11,20
73,12,6
73,13,57
73,14,56
73,15,53
73,16,38
73,17,86
73,18,96
73,19,30
73,20,13
73,21,52
73,22,35
73,23,25
73,24,85
73,25,67
73,26,82
73,27,88
73,28,18
73,29,86
73,30,54
73,31,51
73,32,22
73,33,64
73,34,98
73,35,57
73,36,18
73,37,5
73,38,95
73,39,57
73,40,48
73,41,72
73,42,66
73,43,54
73,44,95
73,45,10
73,46,32
73,47,69
73,48,98
73,49,27
73,50,20
73,51,62
73,52,54
73,53,28
73,54,45
73,55,57
73,56,13
73,57,74
73,58,29
73,59,23
73,60,44
73,61,2
73,62,92
73,63,83
73,64,86
73,65,87
73,66,69
73,67,66
73,68,38
73,69,36
73,70,6
73,71,33
73,72,18
73,73,65535
73,74,10
73,75,26
73,76,28
73,77,49
73,78,32
73,79,80
73,80,32
73,81,47
73,82,18
73,83,47
73,84,53
73,85,51
73,86,9
73,87,69
73,88,78
73,89,14
73,90,10
73,91,52
73,92,17
73,93,23
73,94,92
73,95,74
73,96,6
73,97,17
73,98,50
73,99,1
74,0,50
74,1,13
74,2,59
74,3,25
74,4,62
74,5,74
74,6,16
74,7,34
74,8,96
74,9,34
74,10,7
74,11,19
74,12,80
74,13,33
74,14,83
74,15,56
74,16,71
74,17,77
74,18,88
74,19,30
74,20,13
74,21,23
74,22,26
74,23,80
74,24,51
74,25,94
74,26,30
74,27,39
74,28,47
74,29,95
74,30,34
74,31,80
74,32,7
74,33,52
74,34,33
74,35,89
74,36,26
74,37,69
74,38,16
74,39,79
74,40,29
74,41,36
74,42,21
74,43,10
74,44,53
74,45,67
74,46,93
74,47,86
74,48,23
74,49,32
74,50,49
74,51,10
74,52,98
74,53,82
74,54,3
74,55,82
74,56,69
74,57,50
74,58,47
74,59,19
74,60,21
74,61,88
74,62,40
74,63,74
74,64,64
74,65,4
74,66,17
74,67,3
74,68,25
74,69,64
74,70,82
74,71,36
74,72,28
74,73,28
74,74,65535
74,75,31
74,76,13
74,77,28
74,78,25
74,79,9
74,80,23
74,81,3
74,82,55
74,83,53
74,84,21
74,85,3
74,86,47
74,87,10
74,88,50
74,89,69
74,90,30
74,91,93
74,92,36
74,93,9
74,94,15
74,95,98
74,96,50
74,97,68
74,98,4
74,99,89
75,0,7
75,1,42
75,2,63
75,3,17
75,4,73
75,5,98
75,6,87
75,7,92
75,8,88
75,9,86
75,10,83
75,11,15
75,12,68
75,13,44
75,14,55
75,15,65
75,16,9
75,17,58
75,18,47
75,19,22
75,20,32
75,21,88
75,22,60
75,23,36
75,24,49
75,25,81
75,26,74
75,27,84
75,28,77
75,29,3
75,30,22
75,31,57
75,32,91
75,33,11
75,34,96
75,35,87
75,36,52
75,37,66
75,38,1
75,39,37
75,40,36
75,41,37
75,42,34
75,43,96
75,44,54
75,45,53
75,46,79
75,47,7
75,48,86
75,49,86
75,50,34
75,51,58
75,52,74
75,53,67
75,54,62
75,55,45
75,56,66
75,57,6
75,58,10
75,59,35
75,60,32
75,61,51
75,62,7
75,63,68
75,64,60
75,65,95
75,66,13
75,67,7
75,68,65
75,69,49
75,70,43
75,71,35
75,72,67
75,73,85
75,74,50
75,75,65535
75,76,94
75,77,48
75,78,66
75,79,63
75,80,22
75,81,99
75,82,6
75,83,6
75,84,1
75,85,47
75,86,17
75,87,62
75,88,84
75,89,74
75,90,42
75,91,92
75,92,70
75,93,46
75,94,21
75,95,83
75,96,64
75,97,60
75,98,39
75,99,4
76,0,14
76,1,55
76,2,69
76,3,22
76,4,92
76,5,1
76,6,33
76,7,78
76,8,74
76,9,29
76,10,17
76,11,86
76,12,39
76,13,89
76,14,6
76,15,31
76,16,89
76,17,45
76,18,92
76,19,54
76,20,77
76,21,78
76,22,96
76,23,69
76,24,87
76,25,31
76,26,97
76,27,58
76,28,42
76,29,47
76,30,6
76,31,89
76,32,35
76,33,96
76,34,75
76,35,84
76,36,45
76,37,78
76,38,58
76,39,36
76,40,33
76,41,49
76,42,94
76,43,50
76,44,66
76,45,45
76,46,38
76,47,40
76,48,16
76,49,24
76,50,13
76,51,76
76,52,81
76,53,94
76,54,26
76,55,35
76,56,39
76,57,14
76,58,65
76,59,63
76,60,93
76,61,46
76,62,98
76,63,65
76,64,43
76,65,100
76,66,88
76,67,65
76,68,12
76,69,75
76,70,14
76,71,65
76,72,74
76,73,34
76,74,13
76,75,96
76,76,65535
76,77,93
76,78,9
76,79,20
76,80,29
76,81,89
76,82,7
76,83,32
76,84,46
76,85,14
76,86,44
76,87,53
76,88,53
76,89,41
76,90,9
76,91,21
76,92,36
76,93,14
76,94,56
76,95,61
76,96,52
76,97,97
76,98,2
76,99,55
77,0,90
77,1,19
77,2,4
77,3,16
77,4,44
77,5,52
77,6,33
77,7,4
77,8,53
77,9,55
77,10,88
77,11,78
77,12,43
77,13,60
77,14,71
77,15,2
77,16,45
77,17,62
77,18,17
77,19,55
77,20,53
77,21,60
77,22,84
77,23,64
77,24,11
77,25,15
77,26,21
77,27,40
77,28,9
77,29,58
77,30,76
77,31,73
77,32,98
77,33,35
77,34,58
77,35,98
77,36,35
77,37,44
77,38,13
77,39,69
77,40,8
77,41,5
77,42,52
77,43,66
77,44,76
77,45,96
77,46,22
77,47,1
77,48,18
77,49,4
77,50,10
77,51,55
77,52,96
77,53,79
77,54,6
77,55,48
77,56,87
77,57,11
77,58,84
77,59,77
77,60,23
77,61,61
77,62,79
77,63,44
77,64,79
77,65,23
77,66,54
77,67,68
77,68,75
77,69,47
77,70,53
77,71,73
77,72,69
77,73,91
77,74,72
77,75,89
77,76,26
77,77,65535
77,78,54
77,79,27
77,80,71
77,81,6
77,82,38
77,83,1
77,84,92
77,85,63
77,86,10
77,87,89
77,88,34
77,89,26
77,90,5
77,91,49
77,92,82
77,93,93
77,94,44
77,95,9
77,96,91
77,97,42
77,98,26
77,99,73
78,0,55
78,1,63
78,2,10
78,3,85
78,4,57
78,5,62
78,6,59
78,7,35
78,8,22
78,9,91
78,10,67
78,11,12
78,12,1
78,13,85
78,14,20
78,15,37
78,16,100
78,17,24
78,18,32
78,19,8
78,20,81
78,21,99
78,22,41
78,23,66
78,24,51
78,25,58
78,26,57
78,27,33
78,28,6
78,29,64
78,30,20
78,31,56
78,32,13
78,33,81
78,34,38
78,35,56
78,36,68
78,37,66
78,38,50
78,39,12
78,40,20
78,41,47
78,42,74
78,43,32
78,44,57
78,45,4
78,46,14
78,47,38
78,48,12
78,49,100
78,50,38
78,51,33
78,52,21
78,53,79
78,54,42
78,55,94
78,56,91
78,57,2
78,58,66
78,59,80
78,60,39
78,61,4
78,62,6
78,63,99
78,64,56
78,65,66
78,66,35
78,67,25
78,68,68
78,69,55
78,70,73
78,71,18
78,72,23
78,73,82
78,74,62
78,75,32
78,76,41
78,77,75
78,78,65535
78,79,81
78,80,70
78,81,7
78,82,68
78,83,60
78,84,62
78,85,43
78,86,60
78,87,75
78,88,51
78,89,79
78,90,81
78,91,71
78,92,25
78,93,70
78,94,26
78,95,38
78,96,98
78,97,64
78,98,89
78,99,36
79,0,18
79,1,29
79,2,26
79,3,97
79,4,13
79,5,75
79,6,65
79,7,52
79,8,52
79,9,85
79,10,34
79,11,11
79,12,69
79,13,71
79,14,22
79,15,40
79,16,73
79,17,92
79,18,8
79,19,75
79,20,44
79,21,23
79,22,63
79,23,63
79,24,31
79,25,99
79,26,51
79,27,65
79,28,93
79,29,2
79,30,71
79,31,77
79,32,61
79,33,26
79,34,71
79,35,54
79,36,85
79,37,16
79,38,10
79,39,16
79,40,75
79,41,1
79,42,51
79,43,95
79,44,94
79,45,4
79,46,45
79,47,63
79,48,92
79,49,75
79,50,98
79,51,4
79,52,100
79,53,25
79,54,50
79,55,21
79,56,46
79,57,51
79,58,76
79,59,59
79,60,23
79,61,23
79,62,40
79,63,19
79,64,37
79,65,12
79,66,16
79,67,5
79,68,67
79,69,44
79,70,13
79,71,81
79,72,44
79,73,54
79,74,50
79,75,32
79,76,6
79,77,15
79,78,22
79,79,65535
79,80,68
79,81,76
79,82,6
79,83,95
79,84,83
79,85,58
79,86,75
79,87,51
79,88,48
79,89,68
79,90,70
79,91,72
79,92,73
79,93,56
79,94,25
79,95,66
79,96,9
79,97,61
79,98,48
79,99,8
80,0,45
80,1,82
80,2,82
80,3,100
80,4,73
80,5,83
80,6,96
80,7,86
80,8,39
80,9,26
80,10,18
80,11,19
80,12,40
80,13,47
80,14,2
80,15,89
80,16,64
80,17,74
80,18,75
80,19,78
80,20,74
80,21,13
80,22,37
80,23,60
80,24,24
80,25,32
80,26,35
80,27,67
80,28,64
80,29,70
80,30,33
80,31,43
80,32,33
80,33,60
80,34,56
80,35,86
80,36,33
80,37,91
80,38,99
80,39,8
80,40,60
80,41,40
80,42,37
80,43,8
80,44,2
80,45,66
80,46,20
80,47,61
80,48,97
80,49,48
80,50,11
80,51,82
80,52,92
80,53,84
80,54,44
80,55,88
80,56,92
80,57,29
80,58,68
80,59,63
80,60,3
80,61,18
80,62,4
80,63,52
80,64,88
80,65,27
80,66,16
80,67,26
80,68,26
80,69,61
80,70,49
80,71,33
80,72,46
80,73,88
80,74,95
80,75,50
80,76,7
80,77,44
80,78,11
80,79,22
80,80,65535
80,81,63
80,82,10
80,83,26
80,84,89
80,85,62
80,86,55
80,87,2
80,88,77
80,89,75
80,90,12
80,91,6
80,92,36
80,93,84
80,94,80
80,95,98
80,96,49
80,97,93
80,98,44
80,99,84
81,0,53
81,1,67
81,2,85
81,3,17
81,4,47
81,5,41
81,6,77
81,7,59
81,8,24
81,9,29
81,10,62
81,11,75
81,12,22
81,13,16
81,14,86
81,15,65
81,16,76
81,17,6
81,18,69
81,19,59
81,20,54
81,21,24
81,22,12
81,23,45
81,24,24
81,25,88
81,26,11
81,27,100
81,28,98
81,29,70
81,30,63
81,31,35
81,32,71
81,33,45
81,34,94
81,35,28
81,36,28
81,37,64
81,38,24
81,39,52
81,40,61
81,41,76
81,42,19
81,43,85
81,44,35
81,45,82
81,46,62
81,47,97
81,48,95
81,49,37
81,50,79
81,51,96
81,52,51
81,53,99
81,54,85
81,55,87
81,56,71
81,57,70
81,58,97
81,59,37
81,60,64
81,61,89
81,62,61
81,63,28
81,64,29
81,65,88
81,66,31
81,67,86
81,68,31
81,69,5
81,70,35
81,71,67
81,72,70
81,73,30
81,74,4
81,75,65
81,76,4
81,77,5
81,78,28
81,79,90
81,80,94
81,81,65535
81,82,18
81,83,61
81,84,74
81,85,41
81,86,8
81,87,32
81,88,81
81,89,85
81,90,98
81,91,86
81,92,22
81,93,92
81,94,91
81,95,95
81,96,78
81,97,29
81,98,52
81,99,56
82,0,43
82,1,82
82,2,39
82,3,74
82,4,33
82,5,68
82,6,3
82,7,70
82,8,94
82,9,64
82,10,41
82,11,26
82,12,58
82,13,46
82,14,3
82,15,63
82,16,24
82,17,77
82,18,76
82,19,24
82,20,16
82,21,96
82,22,33
82,23,78
82,24,60
82,25,63
82,26,18
82,27,27
82,28,4
82,29,94
82,30,42
82,31,4
82,32,9
82,33,27
82,34,23
82,35,86
82,36,97
82,37,18
82,38,58
82,39,4
82,40,19
82,41,35
82,42,59
82,43,10
82,44,90
82,45,98
82,46,64
82,47,38
82,48,63
82,49,77
82,50,60
82,51,97
82,52,29
82,53,84
82,54,26
82,55,88
82,56,92
82,57,56
82,58,96
82,59,8
82,60,98
82,61,19
82,62,10
82,63,6
82,64,37
82,65,50
82,66,61
82,67,44
82,68,30
82,69,44
82,70,75
82,71,50
82,72,95
82,73,7
82,74,21
82,75,67
82,76,99
82,77,63
82,78,33
82,79,38
82,80,81
82,81,65
82,82,65535
82,83,27
82,84,51
82,85,17
82,86,13
82,87,75
82,88,18
82,89,94
82,90,40
82,91,68
82,92,57
82,93,30
82,94,4
82,95,25
82,96,39
82,97,55
82,98,91
82,99,88
83,0,44
83,1,72
83,2,100
83,3,85
83,4,76
83,5,75
83,6,91
83,7,61
83,8,46
83,9,5
83,10,63
83,11,73
83,12,67
83,13,83
83,14,100
83,15,6
83,16,17
83,17,16
83,18,74
83,19,48
83,20,32
83,21,30
83,22,56
83,23,52
83,24,36
83,25,72
83,26,37
83,27,76
83,28,44
83,29,5
83,30,63
83,31,83
83,32,46
83,33,31
83,34,77
83,35,5
83,36,45
83,37,3
83,38,63
83,39,97
83,40,6
83,41,2
83,42,25
83,43,56
83,44,1
83,45,19
83,46,26
83,47,82
83,48,31
83,49,59
83,50,61
83,51,20
83,52,97
83,53,62
83,54,59
83,55,24
83,56,83
83,57,9
83,58,59
83,59,39
83,60,61
83,61,35
83,62,100
83,63,19
83,64,79
83,65,94
83,66,98
83,67,70
83,68,60
83,69,80
83,70,94
83,71,71
83,72,80
83,73,39
83,74,7
83,75,60
83,76,47
83,77,98
83,78,63
83,79,78
83,80,57
83,81,22
83,82,24
83,83,65535
83,84,50
83,85,75
83,86,64
83,87,52
83,88,9
83,89,25
83,90,42
83,91,59
83,92,91
83,93,15
83,94,61
83,95,19
83,96,26
83,97,11
83,98,90
83,99,22
84,0,53
84,1,35
84,2,38
84,3,12
84,4,70
84,5,94
84,6,18
84,7,34
84,8,90
84,9,42
84,10,57
84,11,75
84,12,46
84,13,52
84,14,89
84,15,64
84,16,36
84,17,82
84,18,25
84,19,99
84,20,54
84,21,5
84,22,30
84,23,14
84,24,37
84,25,22
84,26,10
84,27,48
84,28,95
84,29,41
84,30,49
84,31,69
84,32,62
84,33,60
84,34,29
84,35,22
84,36,73
84,37,90
84,38,62
84,39,70
84,40,51
84,41,88
84,42,34
84,43,99
84,44,85
84,45,1
84,46,61
84,47,51
84,48,7
84,49,35
84,50,90
84,51,22
84,52,35
84,53,11
84,54,65
84,55,87
84,56,40
84,57,63
84,58,34
84,59,20
84,60,6
84,61,71
84,62,71
84,63,67
84,64,58
84,65,40
84,66,80
84,67,11
84,68,68
84,69,52
84,70,68
84,71,9
84,72,66
84,73,48
84,74,20
84,75,78
84,76,77
84,77,13
84,78,43
84,79,26
84,80,7
84,81,29
84,82,89
84,83,17
84,84,65535
84,85,79
84,86,21
84,87,39
84,88,7
84,89,94
84,90,68
84,91,64
84,92,38
84,93,90
84,94,100
84,95,60
84,96,22
84,97,70
84,98,8
84,99,46
85,0,26
85,1,75
85,2,71
85,3,27
85,4,83
85,5,57
85,6,34
85,7,58
85,8,56
85,9,99
85,10,91
85,11,100
85,12,4
85,13,34
85,14,38
85,15,6
85,16,34
85,17,34
85,18,94
85,19,43
85,20,77
85,21,2
85,22,11
85,23,32
85,24,85
85,25,61
85,26,52
85,27,89
85,28,8
85,29,38
85,30,62
85,31,58
85,32,15
85,33,32
85,34,46
85,35,50
85,36,38
85,37,27
85,38,49
85,39,56
85,40,96
85,41,57
85,42,39
85,43,17
85,44,45
85,45,10
85,46,89
85,47,93
85,48,45
85,49,93
85,50,6
85,51,81
85,52,90
85,53,34
85,54,68
85,55,6
85,56,83
85,57,70
85,58,99
85,59,10
85,60,39
85,61,98
85,62,66
85,63,12
85,64,59
85,65,21
85,66,31
85,67,64
85,68,65
85,69,14
85,70,86
85,71,84
85,72,80
85,73,76
85,74,37
85,75,12
85,76,39
85,77,48
85,78,58
85,79,48
85,80,6
85,81,60
85,82,37
85,83,18
85,84,95
85,85,65535
85,86,95
85,87,89
85,88,30
85,89,52
85,90,60
85,91,34
85,92,97
85,93,98
85,94,13
85,95,54
85,96,31
85,97,70
85,98,87
85,99,79
86,0,83
86,1,1
86,2,10
86,3,79
86,4,13
86,5,70
86,6,76
86,7,97
86,8,82
86,9,54
86,10,21
86,11,51
86,12,34
86,13,63
86,14,29
86,15,98
86,16,64
86,17,87
86,18,65
86,19,68
86,20,63
86,21,14
86,22,66
86,23,57
86,24,90
86,25,89
86,26,26
86,27,15
86,28,88
86,29,72
86,30,25
86,31,81
86,32,44
86,33,3
86,34,47
86,35,63
86,36,100
86,37,2
86,38,64
86,39,80
86,40,11
86,41,64
86,42,86
86,43,73
86,44,76
86,45,25
86,46,16
86,47,7
86,48,13
86,49,59
86,50,52
86,51,55
86,52,70
86,53,49
86,54,61
86,55,67
86,56,57
86,57,9
86,58,2
86,59,18
86,60,42
86,61,9
86,62,79
86,63,23
86,64,89
86,65,32
86,66,31
86,67,91
86,68,58
86,69,76
86,70,21
86,71,26
86,72,61
86,73,18
86,74,36
86,75,84
86,76,48
86,77,60
86,78,73
86,79,7
86,80,36
86,81,46
86,82,48
86,83,25
86,84,89
86,85,97
86,86,65535
86,87,29
86,88,87
86,89,52
86,90,22
86,91,25
86,92,31
86,93,51
86,94,23
86,95,33
86,96,39
86,97,30
86,98,41
86,99,41
87,0,68
87,1,44
87,2,79
87,3,44
87,4,74
87,5,45
87,6,85
87,7,28
87,8,79
87,9,59
87,10,77
87,11,88
87,12,55
87,13,64
87,14,57
87,15,30
87,16,31
87,17,56
87,18,22
87,19,34
87,20,57
87,21,50
87,22,48
87,23,31
87,24,64
87,25,11
87,26,91
87,27,60
87,28,14
87,29,97
87,30,70
87,31,44
87,32,52
87,33,96
87,34,98
87,35,45
87,36,61
87,37,95
87,38,62
87,39,84
87,40,10
87,41,49
87,42,59
87,43,72
87,44,83
87,45,28
87,46,57
87,47,4
87,48,33
87,49,3
87,50,42
87,51,98
87,52,29
87,53,97
87,54,91
87,55,29
87,56,76
87,57,16
87,58,8
87,59,41
87,60,97
87,61,18
87,62,6
87,63,89
87,64,67
87,65,17
87,66,51
87,67,28
87,68,13
87,69,61
87,70,78
87,71,21
87,72,25
87,73,56
87,74,97
87,75,89
87,76,86
87,77,6
87,78,26
87,79,64
87,80,33
87,81,23
87,82,63
87,83,98
87,84,27
87,85,88
87,86,19
87,87,65535
87,88,31
87,89,62
87,90,58
87,91,92
87,92,26
87,93,33
87,94,59
87,95,30
87,96,56
87,97,64
87,98,2
87,99,3
88,0,32
88,1,66
88,2,100
88,3,60
88,4,47
88,5,1
88,6,72
88,7,35
88,8,21
88,9,79
88,10,4
88,11,38
88,12,36
88,13,38
88,14,60
88,15,31
88,16,42
88,17,31
88,18,5
88,19,77
88,20,61
88,21,47
88,22,37
88,23,35
88,24,35
88,25,27
88,26,82
88,27,27
88,28,45
88,29,56
88,30,69
88,31,85
88,32,90
88,33,49
88,34,3
88,35,92
88,36,17
88,37,22
88,38,86
88,39,97
88,40,75
88,41,62
88,42,89
88,43,3
88,44,18
88,45,89
88,46,52
88,47,52
88,48,90
88,49,91
88,50,64
88,51,40
88,52,19
88,53,62
88,54,44
88,55,81
88,56,57
88,57,51
88,58,73
88,59,12
88,60,24
88,61,65
88,62,57
88,63,35
88,64,94
88,65,41
88,66,76
88,67,33
88,68,12
88,69,82
88,70,6
88,71,96
88,72,59
88,73,68
88,74,56
88,75,85
88,76,71
88,77,45
88,78,69
88,79,85
88,80,47
88,81,53
88,82,48
88,83,3
88,84,13
88,85,92
88,86,64
88,87,38
88,88,65535
88,89,80
88,90,39
88,91,89
88,92,11
88,93,87
88,94,3
88,95,39
88,96,81
88,97,7
88,98,23
88,99,70
89,0,49
89,1,80
89,2,38
89,3,94
89,4,59
89,5,77
89,6,88
89,7,1
89,8,98
89,9,21
89,10,6
89,11,66
89,12,5
89,13,30
89,14,70
89,15,9
89,16,37
89,17,86
89,18,13
89,19,75
89,20,68
89,21,96
89,22,53
89,23,75
89,24,44
89,25,33
89,26,14
89,27,17
89,28,74
89,29,46
89,30,42
89,31,89
89,32,73
89,33,40
89,34,49
89,35,36
89,36,56
89,37,80
89,38,48
89,39,48
89,40,66
89,41,98
89,42,43
89,43,47
89,44,15
89,45,39
89,46,5
89,47,1
89,48,85
89,49,62
89,50,85
89,51,12
89,52,79
89,53,81
89,54,41
89,55,5
89,56,23
89,57,14
89,58,5
89,59,47
89,60,9
89,61,72
89,62,82
89,63,69
89,64,41
89,65,53
89,66,37
89,67,52
89,68,94
89,69,32
89,70,59
89,71,96
89,72,88
89,73,90
89,74,100
89,75,53
89,76,76
89,77,21
89,78,49
89,79,97
89,80,42
89,81,65
89,82,55
89,83,31
89,84,72
89,85,3
89,86,79
89,87,50
89,88,22
89,89,65535
89,90,14
89,91,90
89,92,2
89,93,9
89,94,76
89,95,95
89,96,91
89,97,13
89,98,60
89,99,36
90,0,77
90,1,26
90,2,69
90,3,23
90,4,1
90,5,69
90,6,60
90,7,12
90,8,47
90,9,82
90,10,8
90,11,79
90,12,31
90,13,18
90,14,79
90,15,66
90,16,24
90,17,7
90,18,88
90,19,75
90,20,28
90,21,1
90,22,23
90,23,1
90,24,1
90,25,71
90,26,13
90,27,51
90,28,99
90,29,94
90,30,81
90,31,61
90,32,62
90,33,99
90,34,18
90,35,94
90,36,35
90,37,3
90,38,40
90,39,3
90,40,16
90,41,81
90,42,60
90,43,9
90,44,2
90,45,32
90,46,30
90,47,98
90,48,95
90,49,1
90,50,45
90,51,53
90,52,45
90,53,75
90,54,18
90,55,76
90,56,39
90,57,13
90,58,72
90,59,30
90,60,35
90,61,66
90,62,1
90,63,7
90,64,59
90,65,65
90,66,59
90,67,30
90,68,11
90,69,68
90,70,49
90,71,15
90,72,4
90,73,61
90,74,62
90,75,84
90,76,30
90,77,56
90,78,41
90,79,82
90,80,55
90,81,69
90,82,75
90,83,6
90,84,63
90,85,54
90,86,8
90,87,92
90,88,14
90,89,18
90,90,65535
90,91,47
90,92,45
90,93,33
90,94,65
90,95,13
90,96,4
90,97,22
90,98,74
90,99,89
91,0,69
91,1,15
91,2,26
91,3,76
91,4,65
91,5,81
91,6,46
91,7,42
91,8,89
91,9,10
91,10,72
91,11,86
91,12,96
91,13,97
91,14,20
91,15,12
91,16,32
91,17,31
91,18,18
91,19,67
91,20,55
91,21,18
91,22,59
91,23,82
91,24,29
91,25,69
91,26,75
91,27,54
91,28,94
91,29,97
91,30,22
91,31,11
91,32,78
91,33,19
91,34,83
91,35,28
91,36,75
91,37,69
91,38,26
91,39,63
91,40,88
91,41,68
91,42,25
91,43,7
91,44,16
91,45,53
91,46,55
91,47,26
91,48,45
91,49,48
91,50,78
91,51,2
91,52,72
91,53,88
91,54,54
91,55,21
91,56,16
91,57,1
91,58,4
91,59,13
91,60,39
91,61,87
91,62,87
91,63,27
91,64,51
91,65,3
91,66,50
91,67,94
91,68,21
91,69,87
91,70,45
91,71,52
91,72,63
91,73,62
91,74,64
91,75,63
91,76,2
91,77,35
91,78,92
91,79,8
91,80,34
91,81,58
91,82,78
91,83,84
91,84,46
91,85,61
91,86,30
91,87,84
91,88,45
91,89,18
91,90,20
91,91,65535
91,92,12
91,93,13
91,94,86
91,95,54
91,96,45
91,97,94
91,98,79
91,99,100
92,0,49
92,1,28
92,2,40
92,3,33
92,4,39
92,5,99
92,6,13
92,7,24
92,8,30
92,9,77
92,10,90
92,11,16
92,12,84
92,13,43
92,14,19
92,15,28
92,16,92
92,17,73
92,18,73
92,19,12
92,20,54
92,21,55
92,22,75
92,23,55
92,24,91
92,25,60
92,26,13
92,27,22
92,28,83
92,29,55
92,30,33
92,31,86
92,32,89
92,33,31
92,34,5
92,35,85
92,36,45
92,37,73
92,38,73
92,39,66
92,40,75
92,41,10
92,42,80
92,43,9
92,44,68
92,45,37
92,46,98
92,47,60
92,48,62
92,49,60
92,50,11
92,51,59
92,52,16
92,53,46
92,54,64
92,55,48
92,56,77
92,57,23
92,58,73
92,59,49
92,60,53
92,61,1
92,62,96
92,63,44
92,64,59
92,65,69
92,66,68
92,67,13
92,68,84
92,69,28
92,70,21
92,71,90
92,72,27
92,73,23
92,74,28
92,75,25
92,76,69
92,77,74
92,78,32
92,79,60
92,80,79
92,81,63
92,82,45
92,83,24
92,84,89
92,85,69
92,86,56
92,87,38
92,88,67
92,89,31
92,90,80
92,91,14
92,92,65535
92,93,85
92,94,90
92,95,3
92,96,63
92,97,77
92,98,22
92,99,37
93,0,16
93,1,73
93,2,70
93,3,35
93,4,57
93,5,5
93,6,57
93,7,68
93,8,33
93,9,95
93,10,34
93,11,86
93,12,33
93,13,1
93,14,20
93,15,27
93,16,5
93,17,32
93,18,2
93,19,38
93,20,21
93,21,76
93,22,57
93,23,53
93,24,34
93,25,79
93,26,59
93,27,70
93,28,79
93,29,97
93,30,51
93,31,88
93,32,51
93,33,27
93,34,39
93,35,28
93,36,86
93,37,97
93,38,33
93,39,18
93,40,4
93,41,79
93,42,6
93,43,22
93,44,94
93,45,45
93,46,36
93,47,89
93,48,55
93,49,61
93,50,30
93,51,83
93,52,72
93,53,100
93,54,64
93,55,84
93,56,88
93,57,84
93,58,22
93,59,72
93,60,97
93,61,56
93,62,36
93,63,42
93,64,46
93,65,19
93,66,4
93,67,28
93,68,67
93,69,7
93,70,9
93,71,45
93,72,61
93,73,100
93,74,20
93,75,79
93,76,48
93,77,3
93,78,72
93,79,65
93,80,30
93,81,92
93,82,34
93,83,98
93,84,99
93,85,28
93,86,81
93,87,39
93,88,42
93,89,15
93,90,90
93,91,28
93,92,26
93,93,65535
93,94,57
93,95,40
93,96,4
93,97,82
93,98,61
93,99,8
94,0,75
94,1,78
94,2,61
94,3,94
94,4,77
94,5,19
94,6,14
94,7,83
94,8,97
94,9,22
94,10,53
94,11,9
94,12,25
94,13,53
94,14,72
94,15,63
94,16,48
94,17,74
94,18,88
94,19,91
94,20,13
94,21,9
94,22,2
94,23,55
94,24,31
94,25,52
94,26,80
94,27,52
94,28,83
94,29,30
94,30,72
94,31,35
94,32,93
94,33,84
94,34,99
94,35,83
94,36,46
94,37,49
94,38,86
94,39,74
94,40,25
94,41,95
94,42,99
94,43,47
94,44,41
94,45,91
94,46,52
94,47,85
94,48,49
94,49,24
94,50,10
94,51,64
94,52,34
94,53,99
94,54,4
94,55,52
94,56,74
94,57,63
94,58,82
94,59,70
94,60,81
94,61,43
94,62,23
94,63,49
94,64,60
94,65,95
94,66,17
94,67,33
94,68,74
94,69,51
94,70,28
94,71,83
94,72,16
94,73,37
94,74,2
94,75,71
94,76,53
94,77,3
94,78,39
94,79,30
94,80,59
94,81,64
94,82,80
94,83,55
94,84,17
94,85,66
94,86,32
94,87,6
94,88,87
94,89,5
94,90,14
94,91,46
94,92,92
94,93,34
94,94,65535
94,95,98
94,96,20
94,97,57
94,98,67
94,99,28
95,0,55
95,1,14
95,2,55
95,3,28
95,4,14
95,5,13
95,6,38
95,7,99
95,8,55
95,9,17
95,10,71
95,11,65
95,12,22
95,13,73
95,14,45
95,15,33
95,16,27
95,17,57
95,18,2
95,19,15
95,20,80
95,21,32
95,22,50
95,23,45
95,24,14
95,25,62
95,26,30
95,27,92
95,28,59
95,29,31
95,30,14
95,31,86
95,32,25
95,33,78
95,34,41
95,35,98
95,36,16
95,37,61
95,38,66
95,39,21
95,40,58
95,41,66
95,42,56
95,43,85
95,44,53
95,45,52
95,46,4
95,47,85
95,48,76
95,49,1
95,50,35
95,51,91
95,52,19
95,53,76
95,54,61
95,55,78
95,56,3
95,57,37
95,58,22
95,59,22
95,60,59
95,61,46
95,62,77
95,63,31
95,64,41
95,65,62
95,66,49
95,67,90
95,68,33
95,69,11
95,70,99
95,71,100
95,72,5
95,73,20
95,74,48
95,75,50
95,76,19
95,77,88
95,78,52
95,79,72
95,80,51
95,81,77
95,82,79
95,83,37
95,84,84
95,85,6
95,86,48
95,87,4
95,88,14
95,89,18
95,90,62
95,91,33
95,92,23
95,93,27
95,94,95
95,95,65535
95,96,18
95,97,72
95,98,85
95,99,27
96,0,64
96,1,78
96,2,67
96,3,53
96,4,21
96,5,74
96,6,34
96,7,77
96,8,69
96,9,15
96,10,88
96,11,32
96,12,66
96,13,55
96,14,57
96,15,75
96,16,14
96,17,61
96,18,81
96,19,84
96,20,68
96,21,49
96,22,21
96,23,46
96,24,79
96,25,75
96,26,71
96,27,3
96,28,28
96,29,56
96,30,80
96,31,25
96,32,90
96,33,46
96,34,81
96,35,35
96,36,59
96,37,10
96,38,5
96,39,43
96,40,67
96,41,39
96,42,44
96,43,18
96,44,33
96,45,34
96,46,89
96,47,89
96,48,6
96,49,65
96,50,79
96,51,58
96,52,96
96,53,36
96,54,3
96,55,23
96,56,20
96,57,96
96,58,73
96,59,81
96,60,18
96,61,66
96,62,84
96,63,58
96,64,61
96,65,64
96,66,58
96,67,20
96,68,94
96,69,40
96,70,27
96,71,45
96,72,53
96,73,87
96,74,36
96,75,67
96,76,5
96,77,6
96,78,24
96,79,59
96,80,12
96,81,32
96,82,61
96,83,83
96,84,54
96,85,13
96,86,82
96,87,45
96,88,61
96,89,59
96,90,10
96,91,34
96,92,65
96,93,44
96,94,17
96,95,45
96,96,65535
96,97,25
96,98,15
96,99,90
97,0,51
97,1,94
97,2,37
97,3,18
97,4,65
97,5,76
97,6,96
97,7,37
97,8,59
97,9,19
97,10,2
97,11,46
97,12,89
97,13,1
97,14,20
97,15,86
97,16,55
97,17,15
97,18,95
97,19,89
97,20,13
97,21,74
97,22,86
97,23,94
97,24,76
97,25,15
97,26,7
97,27,49
97,28,89
97,29,95
97,30,5
97,31,80
97,32,45
97,33,54
97,34,96
97,35,84
97,36,6
97,37,13
97,38,6
97,39,71
97,40,26
97,41,19
97,42,81
97,43,76
97,44,44
97,45,9
97,46,11
97,47,42
97,48,27
97,49,89
97,50,88
97,51,34
97,52,72
97,53,59
97,54,66
97,55,48
97,56,67
97,57,23
97,58,72
97,59,42
97,60,44
97,61,80
97,62,67
97,63,11
97,64,100
97,65,46
97,66,89
97,67,35
97,68,98
97,69,83
97,70,52
97,71,71
97,72,97
97,73,74
97,74,42
97,75,62
97,76,40
97,77,77
97,78,1
97,79,96
97,80,60
97,81,28
97,82,52
97,83,43
97,84,23
97,85,85
97,86,75
97,87,63
97,88,84
97,89,60
97,90,96
97,91,26
97,92,50
97,93,52
97,94,84
97,95,21
97,96,19
97,97,65535
97,98,66
97,99,91
98,0,33
98,1,32
98,2,28
98,3,5
98,4,61
98,5,55
98,6,11
98,7,30
98,8,53
98,9,61
98,10,99
98,11,29
98,12,14
98,13,37
98,14,75
98,15,48
98,16,86
98,17,17
98,18,90
98,19,26
98,20,40
98,21,89
98,22,6
98,23,85
98,24,4
98,25,97
98,26,28
98,27,66
98,28,73
98,29,34
98,30,52
98,31,18
98,32,91
98,33,84
98,34,56
98,35,61
98,36,79
98,37,36
98,38,34
98,39,73
98,40,16
98,41,74
98,42,89
98,43,75
98,44,77
98,45,82
98,46,70
98,47,71
98,48,25
98,49,88
98,50,59
98,51,58
98,52,79
98,53,25
98,54,40
98,55,13
98,56,33
98,57,66
98,58,13
98,59,84
98,60,73
98,61,98
98,62,94
98,63,85
98,64,60
98,65,85
98,66,37
98,67,43
98,68,79
98,69,15
98,70,13
98,71,68
98,72,53
98,73,24
98,74,41
98,75,23
98,76,97
98,77,67
98,78,32
98,79,78
98,80,23
98,81,54
98,82,63
98,83,89
98,84,48
98,85,76
98,86,26
98,87,31
98,88,20
98,89,44
98,90,44
98,91,56
98,92,5
98,93,95
98,94,28
98,95,61
98,96,45
98,97,32
98,98,65535
98,99,59
99,0,46
99,1,21
99,2,20
99,3,18
99,4,77
99,5,39
99,6,24
99,7,70
99,8,62
99,9,54
99,10,55
99,11,31
99,12,89
99,13,71
99,14,94
99,15,26
99,16,74
99,17,75
99,18,21
99,19,87
99,20,39
99,21,94
99,22,64
99,23,34
99,24,6
99,25,24
99,26,37
99,27,40
99,28,84
99,29,54
99,30,8
99,31,57
99,32,84
99,33,7
99,34,33
99,35,16
99,36,48
99,37,67
99,38,15
99,39,77
99,40,52
99,41,6
99,42,52
99,43,22
99,44,10
99,45,39
99,46,38
99,47,16
99,48,94
99,49,63
99,50,50
99,51,9
99,52,53
99,53,11
99,54,41
99,55,34
99,56,83
99,57,51
99,58,60
99,59,62
99,60,60
99,61,67
99,62,6
99,63,62
99,64,74
99,65,46
99,66,21
99,67,87
99,68,49
99,69,44
99,70,100
99,71,44
99,72,75
99,73,39
99,74,86
99,75,24
99,76,38
99,77,95
99,78,11
99,79,82
99,80,29
99,81,50
99,82,29
99,83,28
99,84,25
99,85,77
99,86,23
99,87,22
99,88,5
99,89,20
99,90,47
99,91,88
99,92,85
99,93,11
99,94,47
99,95,30
99,96,5
99,97,65
99,98,17
99,99,65535
